5     53    45000 60    25    30   
0     40    50    0     40    50    1236  0     
1     38    20    40    66    45    40    11232   2     24  8   15  0    12  9   8   0    
2     37    24    40    23    45    40    3749    2     25  9   11  0    13  7   14  0    
3     37    78    40    66    50    40    7296    3     29  12  12  0    24  6   15  0    24  5   8   0    
4     36    71    40    45    29    40    22167   3     30  14  7   0    26  12  8   0    31  7   9   1    
5     37    79    40    41    31    40    3630    1     22  15  11  1    
6     61    47    40    20    54    40    3676    2     18  8   9   0    20  7   17  1    
7     67    57    40    16    44    40    32505   4     30  13  9   0    20  11  11  0    23  15  9   1    15  15  8   1    
8     55    45    40    45    26    40    14634   4     28  14  18  0    15  15  16  0    27  12  8   0    14  9   11  0    
9     23    57    40    21    51    40    7273    3     36  5   13  0    25  15  10  1    13  7   13  1    
10    57    50    40    46    75    40    11286   1     19  11  18  0    
11    54    53    40    44    30    40    3726    2     24  14  6   0    19  5   18  0    
12    35    75    40    42    71    40    3744    2     22  6   17  0    25  6   10  0    
13    16    57    40    26    50    40    43965   4     35  11  13  0    15  12  18  0    23  11  11  0    31  13  9   1    
14    44    20    40    57    54    40    7456    3     20  12  11  0    34  7   8   0    13  14  16  1    
15    45    32    40    67    44    40    3744    2     22  10  9   0    14  14  9   0    
16    17    49    40    17    45    40    11196   2     23  10  6   0    28  7   12  1    
17    59    46    40    56    50    40    10826   5     31  7   14  0    25  5   14  0    13  11  10  0    12  8   9   0    16  13  18  1    
18    62    57    40    21    55    40    14680   4     34  14  15  0    30  12  9   0    19  10  15  0    29  5   10  0    
19    65    54    40    19    46    40    11070   2     22  9   8   0    18  9   13  1    
20    58    57    40    27    51    40    3672    1     34  9   12  0    
21    40    28    40    67    56    40    10898   5     26  5   11  0    22  5   11  0    17  10  7   0    30  10  13  1    33  8   12  1    
22    38    22    40    47    29    40    21987   4     33  6   12  0    14  9   13  0    13  8   15  0    15  13  9   1    
23    61    53    40    21    49    40    3636    2     18  8   14  0    20  9   9   0    
24    46    21    40    64    46    40    3726    1     23  9   18  0    
25    59    44    40    45    25    40    10908   2     12  13  12  0    14  7   18  0    
26    18    46    40    59    47    40    3720    1     31  12  10  1    
27    45    75    40    40    69    40    3627    1     31  9   13  0    
28    37    77    40    39    81    40    10998   2     28  9   8   0    15  10  11  1    
29    47    26    40    40    70    40    7422    4     14  13  14  0    20  10  9   0    12  6   12  0    17  10  13  1    
30    17    52    40    66    46    40    14896   4     27  15  12  0    30  6   15  0    34  7   7   0    27  14  15  1    
31    37    80    40    34    28    40    34020   5     29  6   17  0    20  9   7   0    12  11  9   0    21  10  15  1    29  8   12  1    
32    45    74    40    42    78    40    14754   5     33  7   14  0    28  8   10  0    26  10  8   0    28  15  12  1    24  9   10  1    
33    15    47    40    40    75    40    7383    3     22  12  15  0    14  12  14  0    17  7   9   0    
34    21    48    40    16    47    40    41646   5     15  14  18  0    15  11  18  0    16  8   17  0    28  6   10  0    36  13  7   1    
35    45    20    40    42    31    40    3696    2     24  13  8   0    20  10  6   1    
36    66    48    40    15    48    40    3780    1     30  9   14  0    
37    39    26    40    24    50    40    10920   1     20  13  14  1    
38    38    79    40    44    77    40    3780    2     35  10  6   0    20  7   12  1    
39    42    77    40    45    28    40    7352    5     22  12  10  0    28  7   7   0    17  12  6   0    14  7   7   0    13  10  11  1    
40    37    20    40    15    46    40    11178   2     23  12  8   0    23  11  6   0    
41    41    71    40    54    47    40    7302    5     31  9   9   0    16  6   16  0    15  13  6   0    13  5   17  0    14  10  7   0    
42    40    71    40    43    75    40    3748    2     26  5   18  0    16  11  8   0    
43    43    24    40    44    32    40    33864   5     28  14  10  0    14  15  14  0    21  7   18  0    14  5   9   0    24  6   8   1    
44    42    75    40    38    73    40    7490    3     28  11  14  0    14  14  6   0    26  11  7   1    
45    26    57    40    15    49    40    7507    4     13  13  17  0    20  13  7   0    14  9   13  0    21  8   7   0    
46    43    28    40    14    44    40    11136   2     30  8   8   0    28  8   8   1    
47    56    47    40    40    32    40    7523    5     19  14  15  0    15  8   11  0    12  6   11  0    21  5   7   0    14  7   7   1    
48    39    76    40    35    32    40    3760    3     35  8   6   0    15  13  6   1    14  5   13  1    
49    27    45    40    42    69    40    21948   5     25  14  9   0    13  11  10  0    31  6   6   0    33  5   6   0    21  5   6   0    
50    20    49    40    41    72    40    3710    2     25  7   15  0    31  5   7   1    
51    41    79    40    65    46    40    11132   4     34  15  11  0    28  13  7   0    17  10  10  1    14  7   13  1    
52    44    19    40    66    51    40    22740   5     31  11  6   0    30  7   8   0    18  7   13  0    16  9   8   0    19  7   8   0    
53    59    55    40    56    51    40    7581    5     21  13  13  0    13  6   15  0    13  9   7   0    21  7   9   1    24  5   6   1    
