5     53    45000 60    25    30   
0     40    50    0     40    50    1236  0     
1     40    20    40    47    76    40    12600   2     32  5   15  0    25  6   12  1    
2     55    56    40    56    35    40    4212    1     26  9   18  0    
3     18    59    40    56    41    40    8424    2     32  11  12  0    20  14  15  0    
4     66    66    40    64    38    40    25272   3     34  11  8   0    17  14  8   0    21  12  14  1    
5     47    30    40    47    74    40    8240    3     16  15  11  0    14  5   15  0    25  13  14  1    
6     56    63    40    64    42    40    4104    1     19  12  18  0    
7     15    58    40    39    70    40    38241   2     35  14  18  0    33  7   17  0    
8     34    27    40    35    71    40    13544   3     18  13  16  0    28  14  15  1    28  14  10  1    
9     15    54    40    20    35    40    8106    3     33  15  6   0    32  7   12  0    17  8   18  1    
10    63    65    40    57    46    40    12555   1     31  9   15  0    
11    19    59    40    23    37    40    4050    1     25  9   18  0    
12    66    61    40    37    72    40    4224    1     32  12  11  0    
13    23    67    40    46    79    40    39840   3     32  13  15  0    28  10  14  0    26  8   15  0    
14    15    60    40    27    36    40    4096    1     32  8   16  0    
15    62    58    40    56    37    40    8386    2     14  9   16  0    35  13  14  1    
16    19    63    40    19    38    40    12528   1     29  12  12  0    
17    44    19    40    43    78    40    8380    2     35  11  13  0    25  9   15  0    
18    36    28    40    39    72    40    12300   3     34  12  17  0    36  13  8   0    18  5   18  0    
19    57    64    40    15    42    40    41784   3     32  13  16  0    32  9   6   0    33  14  12  1    
20    61    66    40    21    37    40    8504    2     32  11  17  0    20  9   14  0    
21    54    67    40    64    47    40    8110    2     20  14  16  0    30  11  11  1    
22    21    59    40    57    44    40    12180   3     25  8   8   0    30  5   10  1    12  10  8   1    
23    18    63    40    47    73    40    8442    3     16  12  17  0    34  6   12  0    15  14  13  1    
24    21    63    40    60    40    40    4050    1     18  15  15  0    
25    46    30    40    25    47    40    36672   3     21  14  12  0    12  6   15  0    34  14  16  1    
26    57    61    40    63    39    40    4160    1     26  10  16  0    
27    47    19    40    43    81    40    4056    1     26  12  13  0    
28    40    28    40    46    72    40    12600   1     30  14  10  0    
29    24    66    40    25    44    40    13632   3     23  14  16  0    29  10  16  1    32  10  12  1    
30    62    60    40    62    36    40    4166    2     32  7   13  0    19  11  6   0    
31    28    57    40    65    42    40    41358   3     29  12  10  0    33  7   14  0    32  13  17  1    
32    45    29    40    40    79    40    8366    3     29  10  13  0    36  6   17  0    12  7   11  0    
33    41    31    40    53    38    40    4156    3     25  5   14  0    33  7   6   0    12  5   17  0    
34    24    67    40    44    80    40    25434   2     36  10  12  0    27  11  14  0    
35    55    64    40    23    40    40    14242   3     32  12  14  0    31  11  14  0    31  12  11  0    
36    35    30    40    37    70    40    4199    1     19  13  17  1    
37    21    67    40    23    38    40    12165   3     16  10  12  0    22  5   7   0    15  13  7   1    
38    36    32    40    16    46    40    8265    3     33  13  9   0    29  12  10  0    22  7   6   0    
39    61    55    40    19    41    40    14144   3     32  13  13  0    32  13  12  0    18  13  16  1    
40    60    60    40    55    45    40    12528   1     29  8   18  0    
41    17    57    40    24    44    40    8324    2     31  15  12  0    14  14  14  1    
42    54    65    40    43    82    40    4216    1     31  8   17  0    
43    57    67    40    66    46    40    37920   2     36  13  18  0    31  8   17  1    
44    40    22    40    38    73    40    8226    2     35  15  10  1    31  8   12  1    
45    21    55    40    16    41    40    4200    1     25  12  14  0    
46    24    64    40    40    80    40    12441   1     29  11  13  0    
47    41    28    40    26    38    40    8504    2     21  14  11  0    31  10  17  1    
48    59    63    40    20    46    40    4224    1     24  11  16  0    
49    37    19    40    39    81    40    39702   3     25  14  10  0    32  14  13  1    23  10  17  1    
50    23    60    40    22    38    40    4160    1     32  10  13  0    
51    41    30    40    54    35    40    4192    2     20  10  12  0    16  8   14  0    
52    40    25    40    25    34    40    25416   2     28  13  18  0    15  8   16  0    
53    65    62    40    64    46    40    4200    1     35  8   15  0    
