5     53    45000 60    25    30   
0     40    50    0     40    50    1236  0     
1     25    62    40    27    45    40    11232   2     36  15  6   0    12  7   6   0    
2     55    65    40    39    78    40    3744    2     18  13  9   0    21  6   13  0    
3     24    64    40    53    39    40    7296    3     35  6   16  0    23  8   15  0    14  12  7   0    
4     65    54    40    57    45    40    22164   3     19  8   7   0    28  12  14  1    18  6   15  1    
5     26    57    40    23    46    40    3626    2     29  14  6   0    14  5   17  1    
6     66    60    40    16    36    40    3672    1     18  12  17  0    
7     64    56    40    46    76    40    32469   3     35  9   17  0    33  6   16  1    23  10  10  1    
8     57    60    40    40    80    40    14608   3     31  15  16  0    28  8   9   0    23  14  16  1    
9     45    25    40    25    46    40    7264    3     23  8   13  0    17  14  9   0    13  15  14  1    
10    59    64    40    20    37    40    11283   2     23  15  8   0    13  7   11  0    
11    21    64    40    34    81    40    3718    1     26  11  13  0    
12    36    24    40    66    47    40    3740    1     34  11  10  0    
13    22    67    40    62    37    40    43845   3     35  14  17  0    35  6   16  1    15  13  15  1    
14    18    62    40    38    82    40    7453    3     29  11  13  0    23  6   7   0    12  13  15  1    
15    37    20    40    23    40    40    3744    2     16  9   18  0    12  6   16  1    
16    21    67    40    23    39    40    11190   2     15  9   14  0    23  10  8   0    
17    41    22    40    60    44    40    10824   2     28  14  17  0    32  10  13  0    
18    57    63    40    19    45    40    14671   3     31  13  17  0    34  13  10  0    34  10  10  0    
19    41    25    40    38    69    40    11070   2     23  5   6   0    25  10  12  1    
20    59    61    40    26    35    40    3662    2     15  9   18  0    16  11  7   0    
21    54    64    40    39    72    40    10890   2     21  15  18  1    29  12  15  1    
22    47    30    40    18    47    40    21954   3     17  13  18  0    20  7   15  1    31  5   8   1    
23    37    23    40    42    80    40    3630    1     30  11  11  0    
24    54    55    40    21    36    40    3720    2     30  13  6   0    23  6   10  0    
25    19    62    40    41    71    40    10890   1     30  11  11  1    
26    59    59    40    40    82    40    3718    1     26  11  13  0    
27    28    62    40    18    44    40    3618    2     18  15  10  0    17  9   6   0    
28    55    58    40    28    36    40    10980   2     25  7   12  0    20  13  6   0    
29    40    25    40    66    45    40    7416    3     32  8   15  0    18  7   16  0    20  6   13  0    
30    22    66    40    65    39    40    14895   2     36  13  15  0    35  15  15  1    
31    63    60    40    61    46    40    34020   2     34  15  18  0    36  6   10  0    
32    57    64    40    22    39    40    14749   3     28  14  17  0    33  15  12  0    15  11  13  1    
33    57    54    40    54    43    40    7378    1     31  14  17  0    
34    41    28    40    15    38    40    41592   3     26  14  16  0    20  12  16  0    30  14  10  1    
35    34    24    40    42    73    40    3695    2     35  5   17  0    15  6   8   0    
36    57    56    40    35    75    40    3770    1     29  13  10  0    
37    24    57    40    54    40    40    10908   2     18  13  10  0    16  9   9   0    
38    59    67    40    60    36    40    3774    2     27  10  9   0    32  7   6   1    
39    22    55    40    61    40    40    7344    1     36  12  17  1    
40    28    67    40    59    39    40    11160   1     31  12  10  0    
41    36    20    40    42    77    40    7284    2     33  10  18  0    24  7   8   0    
42    15    56    40    26    40    40    3744    2     20  12  9   0    12  11  12  0    
43    16    61    40    28    42    40    33831   3     32  12  14  0    21  11  15  0    29  6   14  0    
44    39    25    40    45    74    40    7469    2     21  11  11  0    22  14  16  1    
45    44    31    40    53    35    40    7488    1     32  13  18  1    
46    17    62    40    40    76    40    11130   2     20  14  8   0    21  7   10  0    
47    44    21    40    38    72    40    7520    2     35  14  8   0    24  15  10  0    
48    41    24    40    53    45    40    3760    2     16  10  6   0    35  10  8   1    
49    61    66    40    36    80    40    21888   2     24  10  16  0    16  12  18  0    
50    43    19    40    38    81    40    3705    1     19  15  13  0    
51    21    65    40    60    46    40    11109   3     32  15  16  0    34  9   7   0    13  9   11  0    
52    21    60    40    23    44    40    22680   1     30  14  18  0    
53    36    22    40    64    42    40    7560    1     35  12  18  1    
