5     53    45000 60    25    30   
0     40    50    0     40    50    1236  0     
1     24    69    40    33    32    40    9828    1     28  13  9   0    
2     12    53    40    46    16    40    3190    1     29  11  10  0    
3     31    51    40    40    79    40    3240    1     24  15  9   0    
4     54    81    40    67    29    40    19716   4     24  10  10  0    22  13  8   0    13  10  9   0    17  6   7   0    
5     57    56    40    57    67    40    6366    5     36  7   11  0    12  7   10  0    12  6   6   0    12  10  12  1    14  7   9   1    
6     51    77    40    53    17    40    6629    5     23  9   10  0    19  9   10  0    13  10  11  0    13  5   6   0    21  7   7   1    
7     43    28    40    28    79    40    28632   5     33  14  6   0    26  7   13  0    30  6   12  0    23  7   6   0    16  5   16  1    
8     40    24    40    23    76    40    13113   5     25  13  11  0    33  6   15  0    36  7   9   0    20  7   15  0    20  11  10  1    
9     15    73    40    38    77    40    6402    3     33  5   16  0    21  9   11  0    17  11  9   0    
10    28    71    40    50    54    40    18942   5     27  9   8   0    23  5   8   0    13  5   14  0    25  10  6   1    26  5   8   1    
11    37    67    40    40    82    40    3264    1     24  8   17  0    
12    58    49    40    28    51    40    3177    2     31  9   8   0    15  7   9   0    
13    66    43    40    21    74    40    9504    1     32  9   11  0    
14    68    50    40    61    37    40    3289    1     23  11  13  0    
15    63    44    40    23    19    40    6495    3     35  7   12  0    27  9   11  0    14  7   9   0    
16    43    15    40    39    21    40    9720    1     30  12  9   1    
17    14    28    40    45    23    40    6330    4     29  12  7   0    27  10  6   0    21  9   6   0    19  6   10  1    
18    34    23    40    45    39    40    9887    5     31  8   14  0    14  11  15  0    14  11  10  0    15  8   12  0    25  5   9   0    
19    65    23    40    17    46    40    19032   3     21  11  7   0    19  11  7   0    32  6   17  1    
20    44    49    40    43    25    40    9474    4     35  9   14  0    26  5   15  0    12  12  11  0    17  10  9   0    
21    13    38    40    33    75    40    6312    4     16  12  14  0    20  8   10  0    16  7   6   0    13  13  8   1    
22    42    72    40    66    51    40    9801    1     33  9   11  0    
23    57    38    40    64    28    40    6300    3     19  12  16  0    13  12  9   0    26  8   6   1    
24    13    34    40    22    55    40    3185    1     35  7   13  0    
25    52    62    40    64    74    40    9702    1     21  11  14  0    
26    46    81    40    27    82    40    9907    5     12  14  9   0    13  9   12  0    20  11  18  1    25  12  7   1    19  7   7   1    
27    62    76    40    19    58    40    3267    1     33  9   11  0    
28    13    43    40    41    29    40    9828    1     13  14  18  0    
29    27    26    40    15    42    40    12965   4     13  14  13  0    28  10  14  1    20  11  16  1    27  13  9   1    
30    42    58    40    36    54    40    3276    2     22  14  6   0    17  6   14  0    
31    43    54    40    43    21    40    39237   4     33  10  16  0    17  11  13  0    33  6   12  0    22  8   17  1    
32    23    33    40    15    80    40    9640    4     27  12  14  0    15  14  8   0    16  7   10  0    16  8   18  1    
33    58    55    40    14    23    40    6554    4     36  6   7   0    14  6   14  0    13  13  14  1    25  5   12  1    
34    57    36    40    29    31    40    39852   5     27  10  16  0    36  13  7   0    27  6   15  0    22  9   6   0    23  15  6   1    
35    36    49    40    21    41    40    3220    1     23  10  14  0    
36    42    59    40    27    54    40    3200    1     20  10  16  0    
37    40    84    40    25    34    40    9828    1     26  14  9   0    
38    41    68    40    30    31    40    6333    5     27  10  7   0    30  5   9   0    13  6   10  0    13  5   9   0    12  8   18  1    
39    16    47    40    11    61    40    13053   5     33  11  12  0    24  8   12  0    16  6   6   0    21  11  15  1    12  14  14  1    
40    32    33    40    10    40    40    9540    2     24  5   10  0    15  11  12  1    
41    55    60    40    49    28    40    6453    3     20  8   15  0    21  7   15  0    24  7   11  0    
42    25    15    40    34    31    40    3192    1     19  12  14  1    
43    30    79    40    65    81    40    28953   4     25  13  9   0    14  13  14  1    26  8   11  1    30  7   9   1    
44    43    73    40    54    40    40    6591    5     19  9   9   0    25  6   10  0    21  5   10  0    22  5   9   0    14  6   18  1    
45    18    64    40    13    25    40    3258    2     30  6   10  0    27  6   9   0    
46    62    71    40    34    55    40    18936   5     20  8   9   0    16  12  7   0    14  5   12  0    16  12  7   1    32  7   6   1    
47    13    81    40    35    28    40    9892    5     13  13  18  0    17  10  12  0    15  10  11  0    14  11  10  0    18  9   10  1    
48    52    48    40    13    16    40    3150    1     25  7   18  0    
49    62    26    40    37    50    40    39024   4     33  15  11  0    25  12  13  0    12  14  16  0    13  5   15  0    
50    66    76    40    40    25    40    9605    5     22  11  7   0    16  13  8   0    31  11  9   1    22  13  7   1    28  7   6   1    
51    39    84    40    31    73    40    3255    1     31  7   15  1    
52    40    56    40    30    17    40    28926   4     28  11  14  0    16  11  12  0    30  5   11  0    16  7   14  0    
53    30    74    40    11    25    40    6572    4     18  12  15  0    28  9   6   0    27  5   7   0    25  5   7   0    
