5     53    45000 60    25    30   
0     40    50    0     40    50    1236  0     
1     39    30    40    35    71    40    37845   4     35  15  12  0    31  15  7   0    30  6   12  0    15  5   12  1    
2     62    61    40    60    44    40    4114    1     22  11  17  1    
3     39    31    40    38    72    40    4056    3     15  10  12  0    18  10  6   0    12  14  7   1    
4     62    64    40    66    39    40    25416   4     32  6   14  0    17  13  12  0    27  8   10  0    18  6   9   1    
5     20    59    40    65    41    40    4060    1     29  10  14  0    
6     23    66    40    46    75    40    8122    4     26  11  14  0    12  9   16  0    26  5   11  1    20  8   6   1    
7     46    29    40    23    35    40    37368   4     27  15  16  0    18  8   16  0    25  8   9   0    26  9   8   1    
8     56    56    40    40    80    40    4162    2     28  5   17  0    22  9   9   0    
9     56    61    40    23    36    40    8526    4     20  14  17  0    15  14  8   0    16  7   13  0    18  5   7   0    
10    20    62    40    58    40    40    12168   2     29  6   14  0    30  9   6   0    
11    53    64    40    23    42    40    4256    2     35  12  8   0    14  8   8   1    
12    63    65    40    43    70    40    4158    3     17  9   12  0    23  6   9   0    15  6   12  1    
13    45    32    40    22    43    40    12210   2     17  11  14  0    12  11  11  0    
14    44    20    40    62    44    40    4212    3     13  9   18  0    33  6   7   0    15  6   8   0    
15    62    65    40    24    40    40    8194    5     35  7   12  0    35  11  6   0    17  10  7   0    13  7   8   0    19  6   9   1    
16    26    58    40    46    82    40    12672   3     15  8   10  0    21  7   6   0    21  6   17  1    
17    16    57    40    44    69    40    8350    5     27  13  6   0    27  7   8   0    28  7   7   0    12  5   12  0    33  8   10  1    
18    64    60    40    47    76    40    12369   5     26  11  10  0    30  8   9   0    15  10  9   0    35  11  11  1    14  9   14  1    
19    19    67    40    46    69    40    41046   4     29  14  11  0    24  14  12  1    18  8   18  1    18  9   16  1    
20    38    19    40    16    40    40    4230    2     18  7   15  0    15  13  12  1    
21    28    61    40    64    37    40    4260    2     23  12  11  0    17  12  6   0    
22    41    24    40    21    47    40    12576   2     32  5   16  0    17  12  8   0    
23    39    21    40    64    45    40    8238    4     33  10  10  0    36  6   10  0    15  8   6   0    21  14  7   1    
24    21    67    40    56    36    40    4056    2     14  15  12  0    32  6   8   0    
25    62    57    40    21    34    40    12162   3     17  13  8   0    26  6   9   0    18  7   7   0    
26    57    66    40    53    39    40    4140    1     23  15  12  0    
27    16    60    40    47    80    40    4162    2     29  8   11  0    23  10  7   1    
28    35    25    40    25    45    40    12276   1     31  12  11  0    
29    38    30    40    25    43    40    8110    5     25  11  9   0    30  6   10  0    27  5   10  0    29  5   7   0    15  14  7   1    
30    34    24    40    53    46    40    4206    2     29  6   17  0    13  8   12  0    
31    59    56    40    34    75    40    40410   4     24  12  16  0    34  9   14  0    17  15  12  0    23  6   11  0    
32    18    58    40    59    38    40    12600   4     26  12  17  0    19  11  8   0    13  8   7   0    34  9   16  1    
33    20    64    40    36    73    40    4080    2     12  10  12  0    33  8   10  1    
34    15    63    40    39    73    40    24888   4     20  5   10  0    32  10  11  1    33  8   8   1    16  8   13  1    
35    60    55    40    54    40    40    4074    2     31  6   14  0    21  7   10  0    
36    65    56    40    15    41    40    4082    2     24  13  9   0    14  13  7   0    
37    54    63    40    28    35    40    12672   3     31  14  6   0    16  5   9   0    15  5   12  1    
38    40    25    40    42    75    40    8168    4     25  10  12  0    14  7   16  0    16  10  9   0    24  10  9   1    
39    22    65    40    40    71    40    4168    3     21  8   13  0    13  11  8   0    12  7   10  1    
40    40    32    40    35    75    40    12672   1     22  12  16  0    
41    20    54    40    56    35    40    8150    4     25  7   14  0    30  6   12  0    12  13  13  0    24  9   7   0    
42    58    64    40    63    42    40    4083    3     21  5   11  0    16  8   6   0    18  15  8   1    
43    28    57    40    21    36    40    36912   5     33  11  14  0    12  12  17  0    13  10  14  0    24  10  7   0    14  7   13  0    
44    43    22    40    65    36    40    8354    4     32  11  6   0    34  8   7   0    15  6   11  0    31  6   18  1    
45    16    56    40    16    35    40    4200    1     35  10  12  1    
46    41    25    40    59    40    40    38190   5     19  13  16  0    28  14  10  0    18  14  8   0    19  8   11  0    26  5   9   1    
47    59    64    40    44    81    40    4235    1     35  11  11  0    
48    46    31    40    18    41    40    4080    1     17  15  16  0    
49    24    63    40    17    43    40    25080   5     35  6   16  0    26  6   8   0    13  5   16  0    17  15  8   1    12  8   7   1    
50    39    32    40    20    47    40    4176    1     29  12  12  1    
51    21    56    40    62    34    40    12204   4     26  15  14  0    36  8   9   0    32  9   9   1    12  13  10  1    
52    57    64    40    43    69    40    36663   4     28  8   18  0    29  10  13  0    23  9   13  0    16  9   12  0    
53    63    64    40    26    40    40    8188    5     15  11  18  0    22  10  7   0    12  13  8   0    33  5   6   0    24  5   12  1    
