5     53    45000 60    25    30   
0     40    50    0     40    50    1236  0     
1     38    20    40    66    45    40    11232   2     36  15  6   0    12  7   6   0    
2     37    24    40    23    45    40    3744    2     18  13  9   0    21  6   13  0    
3     37    78    40    66    50    40    7296    3     35  6   16  0    23  8   15  0    14  12  7   0    
4     36    71    40    45    29    40    22164   3     19  8   7   0    28  12  14  1    18  6   15  1    
5     37    79    40    41    31    40    3626    2     29  14  6   0    14  5   17  1    
6     61    47    40    20    54    40    3672    1     18  12  17  0    
7     67    57    40    16    44    40    32469   3     35  9   17  0    33  6   16  1    23  10  10  1    
8     55    45    40    45    26    40    14608   3     31  15  16  0    28  8   9   0    23  14  16  1    
9     23    57    40    21    51    40    7264    3     23  8   13  0    17  14  9   0    13  15  14  1    
10    57    50    40    46    75    40    11283   2     23  15  8   0    13  7   11  0    
11    54    53    40    44    30    40    3718    1     26  11  13  0    
12    35    75    40    42    71    40    3740    1     34  11  10  0    
13    16    57    40    26    50    40    43845   3     35  14  17  0    35  6   16  1    15  13  15  1    
14    44    20    40    57    54    40    7453    3     29  11  13  0    23  6   7   0    12  13  15  1    
15    45    32    40    67    44    40    3744    2     16  9   18  0    12  6   16  1    
16    17    49    40    17    45    40    11190   2     15  9   14  0    23  10  8   0    
17    59    46    40    56    50    40    10824   2     28  14  17  0    32  10  13  0    
18    62    57    40    21    55    40    14671   3     31  13  17  0    34  13  10  0    34  10  10  0    
19    65    54    40    19    46    40    11070   2     23  5   6   0    25  10  12  1    
20    58    57    40    27    51    40    3662    2     15  9   18  0    16  11  7   0    
21    40    28    40    67    56    40    10890   2     21  15  18  1    29  12  15  1    
22    38    22    40    47    29    40    21954   3     17  13  18  0    20  7   15  1    31  5   8   1    
23    61    53    40    21    49    40    3630    1     30  11  11  0    
24    46    21    40    64    46    40    3720    2     30  13  6   0    23  6   10  0    
25    59    44    40    45    25    40    10890   1     30  11  11  1    
26    18    46    40    59    47    40    3718    1     26  11  13  0    
27    45    75    40    40    69    40    3618    2     18  15  10  0    17  9   6   0    
28    37    77    40    39    81    40    10980   2     25  7   12  0    20  13  6   0    
29    47    26    40    40    70    40    7416    3     32  8   15  0    18  7   16  0    20  6   13  0    
30    17    52    40    66    46    40    14895   2     36  13  15  0    35  15  15  1    
31    37    80    40    34    28    40    34020   2     34  15  18  0    36  6   10  0    
32    45    74    40    42    78    40    14749   3     28  14  17  0    33  15  12  0    15  11  13  1    
33    15    47    40    40    75    40    7378    1     31  14  17  0    
34    21    48    40    16    47    40    41592   3     26  14  16  0    20  12  16  0    30  14  10  1    
35    45    20    40    42    31    40    3695    2     35  5   17  0    15  6   8   0    
36    66    48    40    15    48    40    3770    1     29  13  10  0    
37    39    26    40    24    50    40    10908   2     18  13  10  0    16  9   9   0    
38    38    79    40    44    77    40    3774    2     27  10  9   0    32  7   6   1    
39    42    77    40    45    28    40    7344    1     36  12  17  1    
40    37    20    40    15    46    40    11160   1     31  12  10  0    
41    41    71    40    54    47    40    7284    2     33  10  18  0    24  7   8   0    
42    40    71    40    43    75    40    3744    2     20  12  9   0    12  11  12  0    
43    43    24    40    44    32    40    33831   3     32  12  14  0    21  11  15  0    29  6   14  0    
44    42    75    40    38    73    40    7469    2     21  11  11  0    22  14  16  1    
45    26    57    40    15    49    40    7488    1     32  13  18  1    
46    43    28    40    14    44    40    11130   2     20  14  8   0    21  7   10  0    
47    56    47    40    40    32    40    7520    2     35  14  8   0    24  15  10  0    
48    39    76    40    35    32    40    3760    2     16  10  6   0    35  10  8   1    
49    27    45    40    42    69    40    21888   2     24  10  16  0    16  12  18  0    
50    20    49    40    41    72    40    3705    1     19  15  13  0    
51    41    79    40    65    46    40    11109   3     32  15  16  0    34  9   7   0    13  9   11  0    
52    44    19    40    66    51    40    22680   1     30  14  18  0    
53    59    55    40    56    51    40    7560    1     35  12  18  1    
