5     53    45000 60    25    30   
0     40    50    0     40    50    1236  0     
1     42    23    40    57    47    40    9828    1     28  13  9   0    
2     22    55    40    54    44    40    3190    1     29  11  10  0    
3     47    19    40    14    57    40    3240    1     24  15  9   0    
4     22    56    40    46    20    40    19716   4     24  10  10  0    22  13  8   0    13  10  9   0    17  6   7   0    
5     20    52    40    38    30    40    6366    5     36  7   11  0    12  7   10  0    12  6   6   0    12  10  12  1    14  7   9   1    
6     20    46    40    47    20    40    6629    5     23  9   10  0    19  9   10  0    13  10  11  0    13  5   6   0    21  7   7   1    
7     60    57    40    16    52    40    28632   5     33  14  6   0    26  7   13  0    30  6   12  0    23  7   6   0    16  5   16  1    
8     46    24    40    23    49    40    13113   5     25  13  11  0    33  6   15  0    36  7   9   0    20  7   15  0    20  11  10  1    
9     38    31    40    56    53    40    6402    3     33  5   16  0    21  9   11  0    17  11  9   0    
10    39    24    40    43    30    40    18942   5     27  9   8   0    23  5   8   0    13  5   14  0    25  10  6   1    26  5   8   1    
11    37    82    40    43    72    40    3264    1     24  8   17  0    
12    45    74    40    56    49    40    3177    2     31  9   8   0    15  7   9   0    
13    24    50    40    39    78    40    9504    1     32  9   11  0    
14    38    75    40    61    44    40    3289    1     23  11  13  0    
15    42    25    40    41    32    40    6495    3     35  7   12  0    27  9   11  0    14  7   9   0    
16    55    49    40    44    29    40    9720    1     30  12  9   1    
17    40    29    40    23    56    40    6330    4     29  12  7   0    27  10  6   0    21  9   6   0    19  6   10  1    
18    45    19    40    22    47    40    9887    5     31  8   14  0    14  11  15  0    14  11  10  0    15  8   12  0    25  5   9   0    
19    62    46    40    61    45    40    19032   3     21  11  7   0    19  11  7   0    32  6   17  1    
20    24    44    40    36    78    40    9474    4     35  9   14  0    26  5   15  0    12  12  11  0    17  10  9   0    
21    62    50    40    65    54    40    6312    4     16  12  14  0    20  8   10  0    16  7   6   0    13  13  8   1    
22    16    53    40    14    49    40    9801    1     33  9   11  0    
23    39    26    40    60    54    40    6300    3     19  12  16  0    13  12  9   0    26  8   6   1    
24    47    25    40    56    54    40    3185    1     35  7   13  0    
25    26    47    40    43    20    40    9702    1     21  11  14  0    
26    40    75    40    39    75    40    9907    5     12  14  9   0    13  9   12  0    20  11  18  1    25  12  7   1    19  7   7   1    
27    26    53    40    41    81    40    3267    1     33  9   11  0    
28    58    51    40    64    54    40    9828    1     13  14  18  0    
29    45    75    40    43    76    40    12965   4     13  14  13  0    28  10  14  1    20  11  16  1    27  13  9   1    
30    39    76    40    19    49    40    3276    2     22  14  6   0    17  6   14  0    
31    40    76    40    60    53    40    39237   4     33  10  16  0    17  11  13  0    33  6   12  0    22  8   17  1    
32    36    20    40    27    50    40    9640    4     27  12  14  0    15  14  8   0    16  7   10  0    16  8   18  1    
33    63    53    40    60    56    40    6554    4     36  6   7   0    14  6   14  0    13  13  14  1    25  5   12  1    
34    67    52    40    66    45    40    39852   5     27  10  16  0    36  13  7   0    27  6   15  0    22  9   6   0    23  15  6   1    
35    40    69    40    41    75    40    3220    1     23  10  14  0    
36    41    28    40    37    71    40    3200    1     20  10  16  0    
37    20    50    40    60    55    40    9828    1     26  14  9   0    
38    40    71    40    41    25    40    6333    5     27  10  7   0    30  5   9   0    13  6   10  0    13  5   9   0    12  8   18  1    
39    18    54    40    34    81    40    13053   5     33  11  12  0    24  8   12  0    16  6   6   0    21  11  15  1    12  14  14  1    
40    15    55    40    40    22    40    9540    2     24  5   10  0    15  11  12  1    
41    59    56    40    35    75    40    6453    3     20  8   15  0    21  7   15  0    24  7   11  0    
42    38    71    40    17    48    40    3192    1     19  12  14  1    
43    60    47    40    24    52    40    28953   4     25  13  9   0    14  13  14  1    26  8   11  1    30  7   9   1    
44    35    76    40    37    69    40    6591    5     19  9   9   0    25  6   10  0    21  5   10  0    22  5   9   0    14  6   18  1    
45    36    23    40    20    51    40    3258    2     30  6   10  0    27  6   9   0    
46    22    57    40    27    56    40    18936   5     20  8   9   0    16  12  7   0    14  5   12  0    16  12  7   1    32  7   6   1    
47    43    23    40    38    22    40    9892    5     13  13  18  0    17  10  12  0    15  10  11  0    14  11  10  0    18  9   10  1    
48    55    52    40    37    74    40    3150    1     25  7   18  0    
49    47    26    40    19    56    40    39024   4     33  15  11  0    25  12  13  0    12  14  16  0    13  5   15  0    
50    60    44    40    44    20    40    9605    5     22  11  7   0    16  13  8   0    31  11  9   1    22  13  7   1    28  7   6   1    
51    38    82    40    39    81    40    3255    1     31  7   15  1    
52    64    44    40    44    74    40    28926   4     28  11  14  0    16  11  12  0    30  5   11  0    16  7   14  0    
53    34    70    40    58    50    40    6572    4     18  12  15  0    28  9   6   0    27  5   7   0    25  5   7   0    
