5     53    45000 60    25    30   
0     40    50    0     40    50    1236  0     
1     53    66    40    53    82    40    37800   2     33  14  18  0    21  12  17  1    
2     18    73    40    42    38    40    4112    2     12  15  10  0    17  8   17  1    
3     21    52    40    45    75    40    4056    1     26  12  13  1    
4     36    74    40    65    62    40    25398   3     36  15  7   0    18  11  13  0    16  11  12  0    
5     24    51    40    42    15    40    4050    3     24  5   17  0    15  6   11  0    17  5   12  1    
6     33    76    40    40    16    40    8103    3     21  14  18  0    15  9   13  0    22  6   8   0    
7     64    54    40    68    30    40    37290   3     33  14  17  0    29  8   16  0    18  6   8   0    
8     63    58    40    55    60    40    4158    3     12  14  14  0    15  10  7   0    21  6   6   0    
9     48    30    40    18    25    40    8505    2     28  15  13  0    29  15  7   0    
10    17    27    40    60    17    40    12150   3     12  5   14  0    22  9   9   1    34  7   6   1    
11    16    31    40    59    49    40    4249    2     14  13  17  0    33  5   7   0    
12    45    32    40    48    50    40    4158    1     21  11  18  1    
13    66    40    40    35    65    40    12192   2     24  14  9   0    13  5   16  0    
14    42    37    40    48    62    40    4212    1     26  9   18  0    
15    51    45    40    57    52    40    8192    2     29  15  16  0    14  11  8   0    
16    43    26    40    30    55    40    12645   3     14  10  12  0    17  5   15  0    18  5   14  0    
17    14    67    40    11    23    40    8344    3     26  10  14  0    36  14  6   0    14  10  12  0    
18    12    40    40    53    31    40    12360   3     33  11  14  0    35  15  8   0    19  9   18  0    
19    12    75    40    12    70    40    40950   3     22  13  13  0    33  12  17  1    32  10  10  1    
20    40    55    40    34    70    40    4224    1     32  12  11  0    
21    14    49    40    61    55    40    4248    2     36  5   10  0    18  8   17  1    
22    26    82    40    49    45    40    12555   1     31  15  9   0    
23    29    27    40    32    21    40    8232    2     28  11  18  0    32  14  6   1    
24    10    73    40    47    20    40    4056    2     25  13  8   0    13  7   16  1    
25    62    65    40    17    57    40    12150   1     18  15  15  0    
26    15    51    40    15    32    40    4134    3     36  7   9   0    16  9   8   0    17  6   7   0    
27    44    73    40    14    74    40    4160    2     31  5   16  0    12  14  10  1    
28    36    19    40    69    57    40    12243   2     21  9   13  0    29  8   7   0    
29    33    31    40    13    48    40    8100    2     24  10  18  0    18  14  15  0    
30    64    21    40    16    28    40    4200    1     30  14  10  1    
31    44    37    40    47    85    40    40302   3     34  14  14  0    31  10  14  0    27  9   10  0    
32    65    17    40    70    46    40    12591   2     31  15  15  0    36  12  13  0    
33    55    15    40    65    46    40    4080    1     17  15  16  0    
34    16    59    40    66    27    40    24816   3     31  8   13  0    13  7   18  0    31  10  11  1    
35    45    43    40    17    42    40    4064    2     13  12  16  1    14  7   16  1    
36    16    35    40    33    41    40    4080    1     34  12  10  0    
37    31    58    40    45    70    40    12636   1     27  12  13  0    
38    51    71    40    39    56    40    8160    2     32  15  12  0    30  10  8   0    
39    57    48    40    40    83    40    4158    1     33  7   18  0    
40    15    42    40    20    79    40    12672   1     24  11  16  0    
41    12    38    40    65    66    40    8130    3     12  15  17  1    25  10  12  1    23  15  6   1    
42    13    30    40    34    24    40    4080    1     30  8   17  0    
43    48    84    40    41    29    40    36828   2     33  15  12  0    36  11  16  1    
44    67    64    40    25    47    40    8340    3     18  15  16  0    17  15  12  0    16  5   12  1    
45    39    44    40    21    22    40    4200    1     20  15  14  0    
46    69    37    40    65    74    40    38097   2     34  13  18  0    31  9   17  0    
47    61    23    40    37    48    40    4232    3     16  6   18  0    17  11  8   0    18  8   7   1    
48    40    82    40    17    76    40    4080    1     34  12  10  1    
49    31    76    40    36    17    40    25011   2     33  7   17  0    35  9   14  1    
50    56    48    40    16    69    40    4176    1     29  12  12  0    
51    41    44    40    51    67    40    12177   2     33  13  18  0    33  15  9   0    
52    53    54    40    34    78    40    36612   2     31  13  18  0    30  15  11  1    
53    57    47    40    15    27    40    8184    2     36  8   18  0    25  12  10  0    
