5     53    45000 60    25    30   
0     40    50    0     40    50    1236  0     
1     53    66    40    53    82    40    37845   4     35  15  12  0    31  15  7   0    30  6   12  0    15  5   12  1    
2     18    73    40    42    38    40    4114    1     22  11  17  1    
3     21    52    40    45    75    40    4056    3     15  10  12  0    18  10  6   0    12  14  7   1    
4     36    74    40    65    62    40    25416   4     32  6   14  0    17  13  12  0    27  8   10  0    18  6   9   1    
5     24    51    40    42    15    40    4060    1     29  10  14  0    
6     33    76    40    40    16    40    8122    4     26  11  14  0    12  9   16  0    26  5   11  1    20  8   6   1    
7     64    54    40    68    30    40    37368   4     27  15  16  0    18  8   16  0    25  8   9   0    26  9   8   1    
8     63    58    40    55    60    40    4162    2     28  5   17  0    22  9   9   0    
9     48    30    40    18    25    40    8526    4     20  14  17  0    15  14  8   0    16  7   13  0    18  5   7   0    
10    17    27    40    60    17    40    12168   2     29  6   14  0    30  9   6   0    
11    16    31    40    59    49    40    4256    2     35  12  8   0    14  8   8   1    
12    45    32    40    48    50    40    4158    3     17  9   12  0    23  6   9   0    15  6   12  1    
13    66    40    40    35    65    40    12210   2     17  11  14  0    12  11  11  0    
14    42    37    40    48    62    40    4212    3     13  9   18  0    33  6   7   0    15  6   8   0    
15    51    45    40    57    52    40    8194    5     35  7   12  0    35  11  6   0    17  10  7   0    13  7   8   0    19  6   9   1    
16    43    26    40    30    55    40    12672   3     15  8   10  0    21  7   6   0    21  6   17  1    
17    14    67    40    11    23    40    8350    5     27  13  6   0    27  7   8   0    28  7   7   0    12  5   12  0    33  8   10  1    
18    12    40    40    53    31    40    12369   5     26  11  10  0    30  8   9   0    15  10  9   0    35  11  11  1    14  9   14  1    
19    12    75    40    12    70    40    41046   4     29  14  11  0    24  14  12  1    18  8   18  1    18  9   16  1    
20    40    55    40    34    70    40    4230    2     18  7   15  0    15  13  12  1    
21    14    49    40    61    55    40    4260    2     23  12  11  0    17  12  6   0    
22    26    82    40    49    45    40    12576   2     32  5   16  0    17  12  8   0    
23    29    27    40    32    21    40    8238    4     33  10  10  0    36  6   10  0    15  8   6   0    21  14  7   1    
24    10    73    40    47    20    40    4056    2     14  15  12  0    32  6   8   0    
25    62    65    40    17    57    40    12162   3     17  13  8   0    26  6   9   0    18  7   7   0    
26    15    51    40    15    32    40    4140    1     23  15  12  0    
27    44    73    40    14    74    40    4162    2     29  8   11  0    23  10  7   1    
28    36    19    40    69    57    40    12276   1     31  12  11  0    
29    33    31    40    13    48    40    8110    5     25  11  9   0    30  6   10  0    27  5   10  0    29  5   7   0    15  14  7   1    
30    64    21    40    16    28    40    4206    2     29  6   17  0    13  8   12  0    
31    44    37    40    47    85    40    40410   4     24  12  16  0    34  9   14  0    17  15  12  0    23  6   11  0    
32    65    17    40    70    46    40    12600   4     26  12  17  0    19  11  8   0    13  8   7   0    34  9   16  1    
33    55    15    40    65    46    40    4080    2     12  10  12  0    33  8   10  1    
34    16    59    40    66    27    40    24888   4     20  5   10  0    32  10  11  1    33  8   8   1    16  8   13  1    
35    45    43    40    17    42    40    4074    2     31  6   14  0    21  7   10  0    
36    16    35    40    33    41    40    4082    2     24  13  9   0    14  13  7   0    
37    31    58    40    45    70    40    12672   3     31  14  6   0    16  5   9   0    15  5   12  1    
38    51    71    40    39    56    40    8168    4     25  10  12  0    14  7   16  0    16  10  9   0    24  10  9   1    
39    57    48    40    40    83    40    4168    3     21  8   13  0    13  11  8   0    12  7   10  1    
40    15    42    40    20    79    40    12672   1     22  12  16  0    
41    12    38    40    65    66    40    8150    4     25  7   14  0    30  6   12  0    12  13  13  0    24  9   7   0    
42    13    30    40    34    24    40    4083    3     21  5   11  0    16  8   6   0    18  15  8   1    
43    48    84    40    41    29    40    36912   5     33  11  14  0    12  12  17  0    13  10  14  0    24  10  7   0    14  7   13  0    
44    67    64    40    25    47    40    8354    4     32  11  6   0    34  8   7   0    15  6   11  0    31  6   18  1    
45    39    44    40    21    22    40    4200    1     35  10  12  1    
46    69    37    40    65    74    40    38190   5     19  13  16  0    28  14  10  0    18  14  8   0    19  8   11  0    26  5   9   1    
47    61    23    40    37    48    40    4235    1     35  11  11  0    
48    40    82    40    17    76    40    4080    1     17  15  16  0    
49    31    76    40    36    17    40    25080   5     35  6   16  0    26  6   8   0    13  5   16  0    17  15  8   1    12  8   7   1    
50    56    48    40    16    69    40    4176    1     29  12  12  1    
51    41    44    40    51    67    40    12204   4     26  15  14  0    36  8   9   0    32  9   9   1    12  13  10  1    
52    53    54    40    34    78    40    36663   4     28  8   18  0    29  10  13  0    23  9   13  0    16  9   12  0    
53    57    47    40    15    27    40    8188    5     15  11  18  0    22  10  7   0    12  13  8   0    33  5   6   0    24  5   12  1    
