5     52    45000 60    25    30   
0     40    50    0     40    50    1236  0     
1     53    58    40    62    47    40    10395   2     35  12  6   0    15  9   7   1    
2     20    57    40    17    39    40    3393    2     15  13  9   0    13  14  9   0    
3     26    57    40    41    75    40    3461    2     19  15  9   0    14  8   8   1    
4     56    57    40    28    45    40    10350   2     20  12  10  0    14  5   15  0    
5     47    21    40    34    70    40    6942    5     33  8   10  0    16  14  6   0    19  7   6   0    14  9   10  1    12  5   15  1    
6     56    66    40    40    76    40    3425    2     33  5   11  0    23  7   10  1    
7     21    60    40    16    34    40    30450   5     24  13  12  0    18  9   8   0    19  6   6   0    25  10  13  1    21  7   8   1    
8     39    31    40    59    35    40    13610   4     35  14  9   0    16  10  14  0    30  5   14  0    30  9   18  1    
9     43    28    40    64    40    40    6949    5     13  11  10  0    22  6   9   0    25  6   11  1    23  7   9   1    22  8   7   1    
10    37    30    40    22    40    40    20718   4     23  12  10  0    15  7   10  0    18  7   8   0    29  8   9   1    
11    28    65    40    40    71    40    3480    1     29  15  8   1    
12    54    54    40    63    35    40    6806    3     26  11  14  0    27  10  7   0    19  6   8   0    
13    44    27    40    23    40    40    42003   5     33  13  16  0    15  5   15  0    36  8   12  1    19  7   12  1    12  10  8   1    
14    27    60    40    64    42    40    3423    2     21  9   11  0    24  7   8   0    
15    19    62    40    47    69    40    3458    2     32  7   12  0    14  5   11  0    
16    65    56    40    56    46    40    10134   2     23  6   13  0    18  8   11  0    
17    16    57    40    17    43    40    6948    5     13  14  11  0    20  7   13  0    18  6   15  0    12  6   11  0    17  6   7   0    
18    40    26    40    34    77    40    10423   4     28  8   13  0    31  14  6   0    20  7   18  0    31  7   11  1    
19    40    29    40    20    44    40    10530   2     18  13  8   1    13  14  9   1    
20    21    57    40    65    47    40    3432    1     33  13  8   0    
21    54    67    40    26    43    40    7047    5     19  11  15  0    18  9   6   0    12  7   9   0    16  6   7   0    12  7   18  1    
22    21    67    40    56    37    40    10482   2     16  9   16  0    17  5   14  0    
23    59    60    40    36    79    40    3472    2     34  8   8   0    36  6   6   0    
24    55    67    40    42    75    40    7071    5     18  7   11  0    15  5   15  0    17  8   8   0    20  8   16  1    19  8   6   1    
25    22    63    40    21    37    40    10260   1     19  10  18  1    
26    65    67    40    35    79    40    3536    2     19  8   13  0    13  15  8   0    
27    15    54    40    59    39    40    10500   5     18  7   18  0    15  13  9   0    14  6   9   0    31  9   11  1    34  13  6   1    
28    62    60    40    39    71    40    10350   1     23  15  10  0    
29    21    58    40    21    39    40    13839   5     29  12  13  0    35  9   9   0    15  8   10  0    12  5   16  0    24  10  18  1    
30    53    66    40    39    81    40    3400    2     15  10  18  0    20  5   7   0    
31    38    19    40    20    46    40    40662   4     27  12  16  0    27  8   10  0    29  12  10  1    26  7   15  1    
32    27    58    40    39    73    40    10423   5     27  11  10  0    16  12  11  0    13  7   11  0    22  9   14  1    16  14  7   1    
33    66    60    40    46    70    40    3499    2     19  7   18  0    13  5   17  0    
34    40    30    40    65    41    40    20574   3     36  8   12  0    33  7   10  0    26  6   7   0    
35    35    23    40    26    36    40    3528    2     26  10  9   0    22  6   9   0    
36    28    67    40    59    40    40    3474    2     23  13  6   0    35  6   8   0    
37    61    55    40    15    39    40    30804   5     22  10  14  0    34  5   12  0    18  6   15  0    24  7   14  1    12  14  7   1    
38    56    59    40    23    35    40    7008    3     27  14  8   0    26  6   14  0    30  10  6   1    
39    57    64    40    63    42    40    3520    1     20  11  16  0    
40    37    23    40    44    74    40    10140   1     26  13  10  0    
41    17    64    40    38    75    40    3432    1     22  12  13  1    
42    38    20    40    40    79    40    10562   5     31  15  6   0    30  5   18  0    25  7   14  0    27  6   11  0    15  7   8   0    
43    27    62    40    17    41    40    10296   2     18  11  14  0    12  5   11  0    
44    65    61    40    55    40    40    10284   5     31  13  8   0    28  11  8   0    27  13  6   0    17  6   10  0    15  14  7   1    
45    40    24    40    53    39    40    3468    2     12  11  11  0    14  8   18  1    
46    34    20    40    63    46    40    20973   4     19  10  12  0    24  5   15  0    12  9   16  0    13  7   13  0    
47    45    23    40    59    37    40    3528    1     21  12  14  1    
48    28    64    40    43    75    40    13627   5     23  11  15  0    17  14  14  0    28  10  11  0    12  15  10  0    15  6   18  1    
49    44    25    40    18    40    40    10464   2     19  8   13  0    14  9   12  0    
50    63    57    40    16    45    40    3498    2     33  6   13  0    14  6   11  0    
51    37    20    40    64    38    40    10322   4     29  14  13  0    16  14  11  0    22  5   12  0    18  7   10  1    
52    59    66    40    36    73    40    6863    5     13  13  13  0    14  6   17  0    13  9   12  0    14  11  6   0    13  7   10  0    
