5     53    45000 60    25    30   
0     40    50    0     40    50    1236  0     
1     17    55    40    56    46    40    37845   4     35  15  12  0    31  15  7   0    30  6   12  0    15  5   12  1    
2     20    50    40    23    51    40    4114    1     22  11  17  1    
3     44    20    40    25    46    40    4056    3     15  10  12  0    18  10  6   0    12  14  7   1    
4     54    53    40    23    46    40    25416   4     32  6   14  0    17  13  12  0    27  8   10  0    18  6   9   1    
5     40    27    40    25    56    40    4060    1     29  10  14  0    
6     45    76    40    27    51    40    8122    4     26  11  14  0    12  9   16  0    26  5   11  1    20  8   6   1    
7     60    46    40    67    57    40    37368   4     27  15  16  0    18  8   16  0    25  8   9   0    26  9   8   1    
8     16    51    40    34    29    40    4162    2     28  5   17  0    22  9   9   0    
9     66    50    40    63    45    40    8526    4     20  14  17  0    15  14  8   0    16  7   13  0    18  5   7   0    
10    35    76    40    41    29    40    12168   2     29  6   14  0    30  9   6   0    
11    38    23    40    56    50    40    4256    2     35  12  8   0    14  8   8   1    
12    44    31    40    15    50    40    4158    3     17  9   12  0    23  6   9   0    15  6   12  1    
13    39    80    40    55    47    40    12210   2     17  11  14  0    12  11  11  0    
14    14    57    40    36    30    40    4212    3     13  9   18  0    33  6   7   0    15  6   8   0    
15    46    28    40    46    20    40    8194    5     35  7   12  0    35  11  6   0    17  10  7   0    13  7   8   0    19  6   9   1    
16    15    52    40    58    45    40    12672   3     15  8   10  0    21  7   6   0    21  6   17  1    
17    57    47    40    43    27    40    8350    5     27  13  6   0    27  7   8   0    28  7   7   0    12  5   12  0    33  8   10  1    
18    59    48    40    37    72    40    12369   5     26  11  10  0    30  8   9   0    15  10  9   0    35  11  11  1    14  9   14  1    
19    44    70    40    22    49    40    41046   4     29  14  11  0    24  14  12  1    18  8   18  1    18  9   16  1    
20    40    24    40    46    27    40    4230    2     18  7   15  0    15  13  12  1    
21    34    31    40    35    78    40    4260    2     23  12  11  0    17  12  6   0    
22    42    76    40    35    23    40    12576   2     32  5   16  0    17  12  8   0    
23    37    79    40    45    21    40    8238    4     33  10  10  0    36  6   10  0    15  8   6   0    21  14  7   1    
24    43    75    40    67    53    40    4056    2     14  15  12  0    32  6   8   0    
25    37    30    40    27    46    40    12162   3     17  13  8   0    26  6   9   0    18  7   7   0    
26    26    52    40    36    72    40    4140    1     23  15  12  0    
27    62    56    40    17    54    40    4162    2     29  8   11  0    23  10  7   1    
28    44    81    40    58    57    40    12276   1     31  12  11  0    
29    61    49    40    37    25    40    8110    5     25  11  9   0    30  6   10  0    27  5   10  0    29  5   7   0    15  14  7   1    
30    61    52    40    40    78    40    4206    2     29  6   17  0    13  8   12  0    
31    19    49    40    23    53    40    40410   4     24  12  16  0    34  9   14  0    17  15  12  0    23  6   11  0    
32    40    81    40    46    80    40    12600   4     26  12  17  0    19  11  8   0    13  8   7   0    34  9   16  1    
33    40    73    40    46    79    40    4080    2     12  10  12  0    33  8   10  1    
34    15    56    40    65    55    40    24888   4     20  5   10  0    32  10  11  1    33  8   8   1    16  8   13  1    
35    36    29    40    46    25    40    4074    2     31  6   14  0    21  7   10  0    
36    38    32    40    45    72    40    4082    2     24  13  9   0    14  13  7   0    
37    16    54    40    61    54    40    12672   3     31  14  6   0    16  5   9   0    15  5   12  1    
38    38    69    40    35    75    40    8168    4     25  10  12  0    14  7   16  0    16  10  9   0    24  10  9   1    
39    20    55    40    56    53    40    4168    3     21  8   13  0    13  11  8   0    12  7   10  1    
40    43    79    40    65    51    40    12672   1     22  12  16  0    
41    47    78    40    14    55    40    8150    4     25  7   14  0    30  6   12  0    12  13  13  0    24  9   7   0    
42    16    56    40    37    80    40    4083    3     21  5   11  0    16  8   6   0    18  15  8   1    
43    42    20    40    67    45    40    36912   5     33  11  14  0    12  12  17  0    13  10  14  0    24  10  7   0    14  7   13  0    
44    37    70    40    34    21    40    8354    4     32  11  6   0    34  8   7   0    15  6   11  0    31  6   18  1    
45    24    50    40    59    50    40    4200    1     35  10  12  1    
46    34    73    40    39    22    40    38190   5     19  13  16  0    28  14  10  0    18  14  8   0    19  8   11  0    26  5   9   1    
47    54    44    40    35    19    40    4235    1     35  11  11  0    
48    67    52    40    25    44    40    4080    1     17  15  16  0    
49    45    27    40    25    45    40    25080   5     35  6   16  0    26  6   8   0    13  5   16  0    17  15  8   1    12  8   7   1    
50    38    74    40    21    55    40    4176    1     29  12  12  1    
51    35    73    40    59    49    40    12204   4     26  15  14  0    36  8   9   0    32  9   9   1    12  13  10  1    
52    38    30    40    56    51    40    36663   4     28  8   18  0    29  10  13  0    23  9   13  0    16  9   12  0    
53    58    47    40    42    79    40    8188    5     15  11  18  0    22  10  7   0    12  13  8   0    33  5   6   0    24  5   12  1    
