5     53    45000 60    25    30   
0     40    50    0     40    50    1236  0     
1     35    25    40    38    70    40    9828    1     36  7   13  1    
2     21    54    40    40    75    40    3190    2     22  5   18  0    22  5   11  0    
3     21    66    40    23    39    40    3240    1     30  9   12  0    
4     59    63    40    34    69    40    19704   3     18  5   17  0    36  11  8   1    17  11  10  1    
5     58    62    40    19    44    40    6357    3     18  12  17  0    17  15  6   0    33  5   7   1    
6     45    19    40    26    45    40    6615    3     23  15  10  0    33  5   11  0    27  5   10  1    
7     19    63    40    15    42    40    28560   2     34  7   10  0    34  14  15  1    
8     63    66    40    65    34    40    13104   3     20  13  17  0    13  8   7   0    36  13  17  1    
9     15    54    40    21    43    40    6402    3     24  12  9   0    20  9   12  0    25  6   11  0    
10    45    21    40    55    46    40    18900   1     28  15  15  1    
11    39    29    40    21    40    40    3264    1     34  12  8   0    
12    35    30    40    64    42    40    3177    2     31  7   9   0    17  9   8   0    
13    19    60    40    44    81    40    9504    2     22  10  6   0    22  12  7   1    
14    46    20    40    34    74    40    3286    2     25  5   14  0    12  8   16  1    
15    64    57    40    26    39    40    6480    1     36  10  18  0    
16    36    25    40    26    44    40    9720    2     16  12  10  0    33  5   8   0    
17    47    31    40    44    74    40    6316    2     27  12  15  0    13  14  8   0    
18    54    62    40    59    47    40    9864    3     29  12  10  0    14  10  12  0    28  12  14  1    
19    65    65    40    58    34    40    19011   3     35  10  8   0    14  8   18  0    13  13  9   0    
20    64    55    40    25    38    40    9464    2     28  15  9   0    29  14  14  1    
21    34    31    40    64    43    40    6300    1     28  15  15  0    
22    42    20    40    27    42    40    9801    1     33  9   11  0    
23    46    32    40    59    43    40    6300    3     20  15  10  0    16  15  7   0    15  12  9   0    
24    41    24    40    36    79    40    3181    2     22  9   12  0    23  5   7   0    
25    42    27    40    22    46    40    9681    2     15  8   14  0    17  7   13  0    
26    26    61    40    36    81    40    9882    3     28  9   17  0    22  9   16  0    27  10  9   1    
27    24    58    40    23    36    40    3264    1     32  6   17  0    
28    25    60    40    54    42    40    9825    2     25  6   16  0    25  5   7   0    
29    60    58    40    47    81    40    12960   2     35  14  15  0    34  11  15  0    
30    22    67    40    24    40    40    3267    1     33  11  9   1    
31    40    23    40    61    39    40    39228   3     32  10  13  0    36  12  8   0    35  13  12  1    
32    66    60    40    23    44    40    9612    3     27  13  16  0    13  9   18  0    15  14  9   0    
33    35    28    40    34    70    40    6552    1     36  14  13  0    
34    18    60    40    39    72    40    39822   3     29  14  15  0    26  10  16  0    27  8   14  1    
35    60    66    40    40    79    40    3211    1     19  13  13  0    
36    34    28    40    25    40    40    3198    2     27  9   8   0    19  6   11  0    
37    64    67    40    56    46    40    9828    1     36  13  7   0    
38    28    62    40    55    38    40    6332    2     32  11  16  0    20  5   7   0    
39    24    56    40    34    80    40    13016   3     32  10  16  0    17  14  17  0    25  14  11  0    
40    55    60    40    66    44    40    9537    1     17  11  17  1    
41    19    65    40    58    40    40    6441    3     29  13  9   1    18  12  8   1    33  5   8   1    
42    24    63    40    17    47    40    3190    1     29  10  11  0    
43    21    62    40    46    73    40    28890   2     32  15  16  0    13  10  15  0    
44    26    57    40    61    40    40    6576    3     23  12  6   0    12  11  10  0    16  15  15  1    
45    65    57    40    44    77    40    3250    1     25  10  13  0    
46    59    60    40    59    39    40    18900   1     25  14  18  0    
47    61    59    40    35    73    40    9864    2     31  11  18  0    23  9   18  1    
48    58    64    40    41    75    40    3150    2     12  10  14  0    35  7   6   0    
49    16    59    40    42    80    40    39000   2     32  11  18  0    34  14  14  1    
50    60    55    40    19    36    40    9582    3     34  12  14  0    21  9   10  0    22  10  9   1    
51    62    55    40    24    36    40    3248    2     14  14  8   0    20  7   12  1    
52    37    31    40    66    43    40    28890   2     25  13  18  0    28  15  9   0    
53    25    63    40    60    46    40    6558    2     13  15  10  0    32  12  12  1    
