5     53    45000 60    25    30   
0     40    50    0     40    50    1236  0     
1     35    25    40    38    70    40    9828    1     28  13  9   0    
2     21    54    40    40    75    40    3190    1     29  11  10  0    
3     21    66    40    23    39    40    3240    1     24  15  9   0    
4     59    63    40    34    69    40    19716   4     24  10  10  0    22  13  8   0    13  10  9   0    17  6   7   0    
5     58    62    40    19    44    40    6366    5     36  7   11  0    12  7   10  0    12  6   6   0    12  10  12  1    14  7   9   1    
6     45    19    40    26    45    40    6629    5     23  9   10  0    19  9   10  0    13  10  11  0    13  5   6   0    21  7   7   1    
7     19    63    40    15    42    40    28632   5     33  14  6   0    26  7   13  0    30  6   12  0    23  7   6   0    16  5   16  1    
8     63    66    40    65    34    40    13113   5     25  13  11  0    33  6   15  0    36  7   9   0    20  7   15  0    20  11  10  1    
9     15    54    40    21    43    40    6402    3     33  5   16  0    21  9   11  0    17  11  9   0    
10    45    21    40    55    46    40    18942   5     27  9   8   0    23  5   8   0    13  5   14  0    25  10  6   1    26  5   8   1    
11    39    29    40    21    40    40    3264    1     24  8   17  0    
12    35    30    40    64    42    40    3177    2     31  9   8   0    15  7   9   0    
13    19    60    40    44    81    40    9504    1     32  9   11  0    
14    46    20    40    34    74    40    3289    1     23  11  13  0    
15    64    57    40    26    39    40    6495    3     35  7   12  0    27  9   11  0    14  7   9   0    
16    36    25    40    26    44    40    9720    1     30  12  9   1    
17    47    31    40    44    74    40    6330    4     29  12  7   0    27  10  6   0    21  9   6   0    19  6   10  1    
18    54    62    40    59    47    40    9887    5     31  8   14  0    14  11  15  0    14  11  10  0    15  8   12  0    25  5   9   0    
19    65    65    40    58    34    40    19032   3     21  11  7   0    19  11  7   0    32  6   17  1    
20    64    55    40    25    38    40    9474    4     35  9   14  0    26  5   15  0    12  12  11  0    17  10  9   0    
21    34    31    40    64    43    40    6312    4     16  12  14  0    20  8   10  0    16  7   6   0    13  13  8   1    
22    42    20    40    27    42    40    9801    1     33  9   11  0    
23    46    32    40    59    43    40    6300    3     19  12  16  0    13  12  9   0    26  8   6   1    
24    41    24    40    36    79    40    3185    1     35  7   13  0    
25    42    27    40    22    46    40    9702    1     21  11  14  0    
26    26    61    40    36    81    40    9907    5     12  14  9   0    13  9   12  0    20  11  18  1    25  12  7   1    19  7   7   1    
27    24    58    40    23    36    40    3267    1     33  9   11  0    
28    25    60    40    54    42    40    9828    1     13  14  18  0    
29    60    58    40    47    81    40    12965   4     13  14  13  0    28  10  14  1    20  11  16  1    27  13  9   1    
30    22    67    40    24    40    40    3276    2     22  14  6   0    17  6   14  0    
31    40    23    40    61    39    40    39237   4     33  10  16  0    17  11  13  0    33  6   12  0    22  8   17  1    
32    66    60    40    23    44    40    9640    4     27  12  14  0    15  14  8   0    16  7   10  0    16  8   18  1    
33    35    28    40    34    70    40    6554    4     36  6   7   0    14  6   14  0    13  13  14  1    25  5   12  1    
34    18    60    40    39    72    40    39852   5     27  10  16  0    36  13  7   0    27  6   15  0    22  9   6   0    23  15  6   1    
35    60    66    40    40    79    40    3220    1     23  10  14  0    
36    34    28    40    25    40    40    3200    1     20  10  16  0    
37    64    67    40    56    46    40    9828    1     26  14  9   0    
38    28    62    40    55    38    40    6333    5     27  10  7   0    30  5   9   0    13  6   10  0    13  5   9   0    12  8   18  1    
39    24    56    40    34    80    40    13053   5     33  11  12  0    24  8   12  0    16  6   6   0    21  11  15  1    12  14  14  1    
40    55    60    40    66    44    40    9540    2     24  5   10  0    15  11  12  1    
41    19    65    40    58    40    40    6453    3     20  8   15  0    21  7   15  0    24  7   11  0    
42    24    63    40    17    47    40    3192    1     19  12  14  1    
43    21    62    40    46    73    40    28953   4     25  13  9   0    14  13  14  1    26  8   11  1    30  7   9   1    
44    26    57    40    61    40    40    6591    5     19  9   9   0    25  6   10  0    21  5   10  0    22  5   9   0    14  6   18  1    
45    65    57    40    44    77    40    3258    2     30  6   10  0    27  6   9   0    
46    59    60    40    59    39    40    18936   5     20  8   9   0    16  12  7   0    14  5   12  0    16  12  7   1    32  7   6   1    
47    61    59    40    35    73    40    9892    5     13  13  18  0    17  10  12  0    15  10  11  0    14  11  10  0    18  9   10  1    
48    58    64    40    41    75    40    3150    1     25  7   18  0    
49    16    59    40    42    80    40    39024   4     33  15  11  0    25  12  13  0    12  14  16  0    13  5   15  0    
50    60    55    40    19    36    40    9605    5     22  11  7   0    16  13  8   0    31  11  9   1    22  13  7   1    28  7   6   1    
51    62    55    40    24    36    40    3255    1     31  7   15  1    
52    37    31    40    66    43    40    28926   4     28  11  14  0    16  11  12  0    30  5   11  0    16  7   14  0    
53    25    63    40    60    46    40    6572    4     18  12  15  0    28  9   6   0    27  5   7   0    25  5   7   0    
