5     53    45000 60    25    30   
0     40    50    0     40    50    1236  0     
1     40    20    40    47    76    40    12636   2     18  14  12  0    22  9   6   1    
2     55    56    40    56    35    40    4217    3     16  11  10  0    18  12  7   0    15  9   7   0    
3     18    59    40    56    41    40    8433    4     34  6   17  0    24  11  9   0    17  12  6   0    15  7   13  1    
4     66    66    40    64    38    40    25338   5     32  7   11  0    17  8   18  0    19  8   11  0    17  10  7   0    16  6   7   1    
5     47    30    40    47    74    40    8255    4     25  13  11  0    24  14  7   0    15  8   9   0    26  6   8   1    
6     56    63    40    64    42    40    4116    1     21  14  14  0    
7     15    58    40    39    70    40    38313   5     34  8   18  0    20  6   17  0    15  11  11  0    35  6   7   0    25  6   17  1    
8     34    27    40    35    71    40    13562   4     33  10  14  0    25  11  10  0    34  10  12  1    32  6   11  1    
9     15    54    40    20    35    40    8124    5     16  9   9   0    18  6   10  0    18  9   15  1    23  10  9   1    12  13  8   1    
10    63    65    40    57    46    40    12558   1     23  13  14  1    
11    19    59    40    23    37    40    4060    2     35  10  9   0    26  5   7   1    
12    66    61    40    37    72    40    4224    2     32  8   9   0    15  8   16  1    
13    23    67    40    46    79    40    39909   5     26  9   16  0    35  7   14  0    28  9   7   0    12  9   12  0    31  9   11  1    
14    15    60    40    27    36    40    4104    1     19  12  18  0    
15    62    58    40    56    37    40    8405    4     32  13  7   0    31  13  7   0    32  5   9   0    14  8   11  1    
16    19    63    40    19    38    40    12528   2     33  12  7   0    18  6   13  0    
17    44    19    40    43    78    40    8393    4     33  7   17  0    21  9   10  0    18  11  7   1    34  5   7   1    
18    36    28    40    39    72    40    12320   5     23  6   18  0    24  6   17  0    27  12  7   0    12  5   6   0    28  10  17  1    
19    57    64    40    15    42    40    41892   4     30  14  15  0    21  13  16  0    16  14  9   0    16  5   16  0    
20    61    66    40    21    37    40    8525    5     18  11  13  0    36  6   10  0    13  13  11  0    17  6   10  0    19  8   6   0    
21    54    67    40    64    47    40    8126    5     20  10  17  0    24  8   8   0    12  11  10  0    13  10  10  0    19  5   6   0    
22    21    59    40    57    44    40    12180   1     29  14  10  0    
23    18    63    40    47    73    40    8461    4     31  15  7   0    27  14  7   0    15  7   16  1    22  5   8   1    
24    21    63    40    60    40    40    4060    1     29  10  14  0    
25    46    30    40    25    47    40    36741   4     29  15  13  0    26  12  6   0    32  8   10  1    36  5   12  1    
26    57    61    40    63    39    40    4160    1     32  10  13  0    
27    47    19    40    43    81    40    4068    2     26  13  9   1    19  6   9   1    
28    40    28    40    46    72    40    12600   1     35  12  10  1    
29    24    66    40    25    44    40    13642   4     29  10  17  0    30  10  11  0    22  13  12  1    18  11  10  1    
30    62    60    40    62    36    40    4176    1     29  8   18  0    
31    28    57    40    65    42    40    41364   5     28  14  12  0    31  7   14  0    18  11  13  0    21  6   16  0    14  13  8   1    
32    45    29    40    40    79    40    8382    5     30  8   9   0    30  5   14  0    16  7   15  0    18  7   11  0    16  11  6   0    
33    41    31    40    53    38    40    4165    2     25  7   15  0    22  5   14  0    
34    24    67    40    44    80    40    25464   4     32  14  6   0    19  10  11  0    30  9   7   0    14  10  13  1    
35    55    64    40    23    40    40    14250   5     23  15  13  0    26  12  13  0    14  15  16  0    33  5   9   0    12  9   8   0    
36    35    30    40    37    70    40    4200    1     25  14  12  0    
37    21    67    40    23    38    40    12180   1     29  14  10  0    
38    36    32    40    16    46    40    8286    4     28  6   17  0    25  11  8   1    24  5   15  1    13  11  10  1    
39    61    55    40    19    41    40    14162   4     33  5   14  0    34  14  18  1    24  6   16  1    14  5   14  1    
40    60    60    40    55    45    40    12540   2     14  10  17  0    12  15  10  0    
41    17    57    40    24    44    40    8333    5     28  10  8   0    20  10  9   0    16  8   17  1    17  13  7   1    19  5   6   1    
42    54    65    40    43    82    40    4224    1     33  8   16  0    
43    57    67    40    66    46    40    38016   4     33  11  16  0    34  13  6   0    16  9   17  0    21  12  7   1    
44    40    22    40    38    73    40    8241    4     29  8   15  0    36  5   14  0    12  9   12  0    15  9   7   0    
45    21    55    40    16    41    40    4200    1     28  15  10  0    
46    24    64    40    40    80    40    12450   2     20  10  16  0    19  5   10  0    
47    41    28    40    26    38    40    8511    5     22  15  10  0    27  7   8   0    13  15  7   0    15  8   11  0    13  6   13  0    
48    59    63    40    20    46    40    4224    1     32  11  12  0    
49    37    19    40    39    81    40    39786   4     34  15  17  0    28  11  7   0    15  10  10  0    13  12  6   0    
50    23    60    40    22    38    40    4160    1     20  13  16  0    
51    41    30    40    54    35    40    4200    1     28  10  15  0    
52    40    25    40    25    34    40    25416   4     24  9   16  0    15  12  17  0    13  6   17  0    15  6   7   0    
53    65    62    40    64    46    40    4200    1     28  10  15  0    
