5     52    45000 60    25    30   
0     40    50    0     40    50    1236  0     
1     44    70    40    34    24    40    10389   2     31  7   7   0    12  9   18  1    
2     36    21    40    14    47    40    3384    2     28  9   7   0    18  5   18  0    
3     57    56    40    45    75    40    3456    1     16  12  18  0    
4     41    80    40    40    19    40    10332   2     29  12  7   0    12  6   14  1    
5     46    78    40    55    49    40    6930    1     33  14  15  0    
6     23    51    40    45    20    40    3420    1     19  15  12  0    
7     16    50    40    57    46    40    30432   3     23  15  17  0    17  13  11  0    24  7   11  0    
8     21    52    40    56    50    40    13594   3     35  11  16  0    25  15  14  0    28  13  6   0    
9     39    70    40    25    48    40    6936    3     28  11  12  0    17  9   8   0    28  12  6   1    
10    60    45    40    38    26    40    20682   3     27  12  10  0    36  7   10  0    27  7   6   0    
11    20    46    40    43    70    40    3472    2     14  10  14  0    18  6   14  0    
12    47    31    40    42    24    40    6786    1     29  13  18  1    
13    56    48    40    64    57    40    41904   3     32  8   15  0    27  14  16  1    17  15  16  1    
14    40    82    40    36    23    40    3420    1     19  15  12  0    
15    37    32    40    18    53    40    3456    1     36  12  8   0    
16    57    49    40    56    57    40    10125   1     15  15  15  0    
17    45    30    40    36    29    40    6948    2     34  6   18  0    21  13  12  0    
18    37    76    40    39    74    40    10392   3     18  14  16  0    30  6   12  0    35  12  10  1    
19    54    54    40    27    49    40    10500   1     35  10  10  0    
20    66    51    40    55    47    40    3432    1     33  8   13  0    
21    38    70    40    64    45    40    7041    3     15  5   13  0    30  9   15  1    12  12  14  1    
22    42    78    40    18    49    40    10470   2     20  10  8   0    18  7   15  1    
23    45    77    40    66    46    40    3472    1     31  7   16  0    
24    66    44    40    45    78    40    7070    2     29  10  13  0    22  15  10  0    
25    34    32    40    40    72    40    10260   2     36  10  6   0    35  6   6   0    
26    39    25    40    45    32    40    3536    1     17  13  16  1    
27    18    50    40    45    25    40    10485   3     33  11  15  0    36  7   8   0    18  12  14  1    
28    54    50    40    44    24    40    10341   2     13  11  14  0    17  5   17  1    
29    63    55    40    17    47    40    13801   3     29  13  15  0    15  10  16  0    34  13  13  1    
30    41    73    40    46    32    40    3393    1     29  9   13  0    
31    20    53    40    38    71    40    40590   2     34  15  15  0    35  14  12  0    
32    21    57    40    23    44    40    10410   3     34  11  15  0    18  8   12  0    32  6   16  1    
33    40    73    40    54    49    40    3492    2     33  5   12  0    18  14  6   0    
34    55    46    40    25    51    40    20520   2     21  12  15  1    12  15  17  1    
35    14    52    40    44    71    40    3528    2     18  7   16  0    18  12  7   0    
36    36    25    40    67    44    40    3468    1     34  6   17  1    
37    20    50    40    65    51    40    30750   3     35  5   17  0    24  15  6   0    31  11  15  1    
38    40    77    40    37    74    40    6999    3     16  5   18  0    14  6   17  0    27  9   17  1    
39    54    51    40    43    74    40    3512    2     27  12  6   1    14  7   16  1    
40    34    69    40    38    24    40    10125   2     21  9   11  0    24  6   9   0    
41    37    20    40    34    81    40    3426    2     17  13  6   0    30  5   14  1    
42    46    22    40    66    52    40    10560   2     29  15  18  0    15  13  14  0    
43    25    54    40    34    72    40    10275   2     25  10  8   0    19  5   15  0    
44    23    46    40    20    45    40    10277   3     23  13  17  0    27  7   18  0    32  7   8   0    
45    43    27    40    63    48    40    3461    2     19  7   17  0    20  5   12  1    
46    37    21    40    39    71    40    20943   2     33  13  9   0    26  15  8   0    
47    39    19    40    57    47    40    3528    2     12  14  11  0    14  12  10  0    
48    35    25    40    25    57    40    13588   3     32  13  17  0    21  14  14  0    24  10  10  0    
49    18    44    40    24    50    40    10440   1     29  12  10  1    
50    14    50    40    46    20    40    3492    2     19  8   18  0    14  9   6   0    
51    36    72    40    27    50    40    10321   3     26  15  11  0    31  11  11  0    19  8   15  1    
52    64    55    40    26    57    40    6851    1     31  13  17  0    
