5     53    45000 60    25    30   
0     40    50    0     40    50    1236  0     
1     16    46    40    17    49    40    12600   2     32  5   15  0    25  6   12  1    
2     63    47    40    45    23    40    4212    1     26  9   18  0    
3     22    47    40    56    46    40    8424    2     32  11  12  0    20  14  15  0    
4     37    28    40    24    47    40    25272   3     34  11  8   0    17  14  8   0    21  12  14  1    
5     57    56    40    34    28    40    8240    3     16  15  11  0    14  5   15  0    25  13  14  1    
6     40    75    40    14    50    40    4104    1     19  12  18  0    
7     45    75    40    43    23    40    38241   2     35  14  18  0    33  7   17  0    
8     66    49    40    22    44    40    13544   3     18  13  16  0    28  14  15  1    28  14  10  1    
9     21    44    40    46    25    40    8106    3     33  15  6   0    32  7   12  0    17  8   18  1    
10    44    76    40    25    52    40    12555   1     31  9   15  0    
11    64    53    40    63    50    40    4050    1     25  9   18  0    
12    42    79    40    55    48    40    4224    1     32  12  11  0    
13    42    73    40    43    32    40    39840   3     32  13  15  0    28  10  14  0    26  8   15  0    
14    60    52    40    42    69    40    4096    1     32  8   16  0    
15    16    52    40    42    81    40    8386    2     14  9   16  0    35  13  14  1    
16    37    80    40    40    73    40    12528   1     29  12  12  0    
17    47    72    40    44    73    40    8380    2     35  11  13  0    25  9   15  0    
18    59    50    40    37    26    40    12300   3     34  12  17  0    36  13  8   0    18  5   18  0    
19    34    79    40    54    46    40    41784   3     32  13  16  0    32  9   6   0    33  14  12  1    
20    43    29    40    36    30    40    8504    2     32  11  17  0    20  9   14  0    
21    47    19    40    26    52    40    8110    2     20  14  16  0    30  11  11  1    
22    46    75    40    20    56    40    12180   3     25  8   8   0    30  5   10  1    12  10  8   1    
23    45    76    40    42    77    40    8442    3     16  12  17  0    34  6   12  0    15  14  13  1    
24    40    81    40    44    78    40    4050    1     18  15  15  0    
25    24    56    40    42    26    40    36672   3     21  14  12  0    12  6   15  0    34  14  16  1    
26    22    50    40    43    25    40    4160    1     26  10  16  0    
27    67    50    40    55    55    40    4056    1     26  12  13  0    
28    34    22    40    18    55    40    12600   1     30  14  10  0    
29    43    81    40    44    26    40    13632   3     23  14  16  0    29  10  16  1    32  10  12  1    
30    60    50    40    59    44    40    4166    2     32  7   13  0    19  11  6   0    
31    44    82    40    44    20    40    41358   3     29  12  10  0    33  7   14  0    32  13  17  1    
32    24    49    40    37    82    40    8366    3     29  10  13  0    36  6   17  0    12  7   11  0    
33    35    25    40    67    48    40    4156    3     25  5   14  0    33  7   6   0    12  5   17  0    
34    43    78    40    59    53    40    25434   2     36  10  12  0    27  11  14  0    
35    60    53    40    60    48    40    14242   3     32  12  14  0    31  11  14  0    31  12  11  0    
36    34    21    40    45    74    40    4199    1     19  13  17  1    
37    63    48    40    43    77    40    12165   3     16  10  12  0    22  5   7   0    15  13  7   1    
38    56    54    40    38    27    40    8265    3     33  13  9   0    29  12  10  0    22  7   6   0    
39    66    52    40    46    24    40    14144   3     32  13  13  0    32  13  12  0    18  13  16  1    
40    45    71    40    39    79    40    12528   1     29  8   18  0    
41    64    46    40    40    24    40    8324    2     31  15  12  0    14  14  14  1    
42    35    19    40    47    25    40    4216    1     31  8   17  0    
43    55    53    40    34    31    40    37920   2     36  13  18  0    31  8   17  1    
44    16    49    40    15    46    40    8226    2     35  15  10  1    31  8   12  1    
45    46    31    40    46    21    40    4200    1     25  12  14  0    
46    25    44    40    19    46    40    12441   1     29  11  13  0    
47    24    48    40    44    21    40    8504    2     21  14  11  0    31  10  17  1    
48    19    50    40    21    51    40    4224    1     24  11  16  0    
49    64    48    40    25    50    40    39702   3     25  14  10  0    32  14  13  1    23  10  17  1    
50    38    79    40    24    50    40    4160    1     32  10  13  0    
51    15    55    40    63    54    40    4192    2     20  10  12  0    16  8   14  0    
52    57    50    40    37    81    40    25416   2     28  13  18  0    15  8   16  0    
53    20    46    40    55    47    40    4200    1     35  8   15  0    
