7     75    45000 60    25    30   
0     40    50    0     40    50    1236  0     
1     34    30    40    17    49    40    31911   5     26  12  11  0    19  6   18  0    25  7   7   0    15  6   6   0    28  11  11  1    
2     60    56    40    64    54    40    3400    1     20  10  17  1    
3     54    54    40    40    31    40    6873    3     15  15  17  0    16  9   12  0    20  11  6   0    
4     40    21    40    21    47    40    10308   2     13  9   18  0    19  5   14  0    
5     46    24    40    67    56    40    13810   5     28  12  13  0    31  13  10  0    17  14  15  0    12  10  8   0    14  9   7   0    
6     35    69    40    44    25    40    7086    5     15  15  9   0    18  10  8   0    16  11  6   0    17  5   9   0    20  9   10  1    
7     66    44    40    25    53    40    20430   4     33  14  7   0    15  8   9   0    13  9   12  1    13  12  7   1    
8     35    23    40    66    49    40    3468    1     34  6   17  0    
9     47    71    40    35    72    40    3505    2     15  11  11  0    13  13  10  1    
10    26    56    40    40    27    40    10536   2     25  8   10  0    21  8   9   0    
11    66    50    40    22    48    40    7111    4     16  9   9   0    15  7   6   0    34  15  8   1    17  5   13  1    
12    40    32    40    54    50    40    3520    1     32  10  11  0    
13    57    47    40    21    51    40    10500   2     28  10  6   0    26  10  7   1    
14    36    22    40    25    51    40    10510   4     28  11  14  0    16  10  15  0    30  5   13  0    24  7   11  0    
15    42    77    40    36    71    40    6888    3     16  14  17  0    13  5   16  0    15  8   17  1    
16    41    28    40    15    53    40    10500   1     35  10  10  1    
17    38    74    40    43    75    40    10467   4     22  14  11  0    21  13  11  0    17  9   12  0    28  8   10  1    
18    41    22    40    39    25    40    3472    1     31  7   16  0    
19    14    51    40    42    69    40    30882   4     13  12  18  0    19  7   12  0    19  10  16  1    19  15  10  1    
20    41    78    40    23    47    40    6927    3     31  9   13  0    33  5   12  0    24  5   11  0    
21    40    77    40    54    48    40    3514    2     13  11  14  0    21  12  6   0    
22    24    48    40    60    57    40    31473   5     28  12  9   0    17  10  14  0    14  7   11  0    12  5   12  0    23  11  13  1    
23    54    49    40    21    46    40    3536    1     34  8   13  0    
24    63    47    40    41    29    40    10320   5     32  9   13  0    36  8   7   0    24  5   14  0    18  10  8   0    15  12  8   0    
25    55    47    40    35    19    40    10263   2     29  11  7   0    33  6   6   0    
26    35    24    40    42    32    40    7030    5     28  11  8   0    13  12  13  0    22  6   9   0    24  5   6   0    15  7   6   0    
27    15    56    40    46    82    40    6988    5     18  6   17  0    19  5   18  0    15  6   15  0    14  7   14  1    12  10  6   1    
28    22    46    40    46    71    40    20757   4     21  7   11  0    32  6   6   0    34  7   13  1    16  6   11  1    
29    44    80    40    67    48    40    6972    3     24  10  14  0    31  6   14  0    14  6   12  0    
30    47    24    40    19    53    40    3432    1     26  12  11  0    
31    40    72    40    55    46    40    31236   5     16  8   17  0    17  8   16  0    12  5   14  0    30  10  9   1    14  15  12  1    
32    24    50    40    39    32    40    3542    1     23  14  11  0    
33    39    69    40    24    45    40    6918    5     21  10  9   0    30  7   8   0    21  10  6   0    36  5   6   0    14  9   8   0    
34    67    46    40    14    52    40    10416   2     12  14  12  0    26  8   7   0    
35    27    46    40    54    52    40    13734   5     27  10  6   0    32  6   8   0    12  13  8   0    23  15  14  1    30  10  15  1    
36    35    25    40    36    81    40    3468    1     17  12  17  1    
37    64    52    40    22    57    40    10656   2     16  13  9   1    21  5   16  1    
38    59    56    40    35    29    40    7104    3     23  12  9   0    20  13  6   0    34  5   18  1    
39    43    72    40    34    72    40    7076    4     22  6   6   0    16  6   8   0    22  14  13  1    18  12  7   1    
40    46    27    40    64    44    40    10416   1     31  14  8   0    
41    37    28    40    38    77    40    6832    4     16  12  16  0    20  8   7   0    16  5   9   0    20  12  8   1    
42    34    71    40    18    45    40    6846    5     34  8   6   0    15  14  7   0    17  14  6   0    16  6   11  0    18  7   10  1    
43    38    31    40    39    75    40    20556   5     14  8   13  0    14  5   17  0    26  6   7   0    15  9   6   0    36  8   8   1    
44    39    82    40    19    52    40    6878    3     29  8   14  0    33  5   14  0    15  11  8   1    
45    35    20    40    17    54    40    10261   5     20  15  6   0    25  11  6   0    22  13  11  1    35  7   10  1    27  5   9   1    
46    35    79    40    23    46    40    20712   5     16  12  12  0    20  8   7   0    12  8   10  0    30  9   8   1    12  5   6   1    
47    16    45    40    45    82    40    6792    5     17  12  11  0    12  5   16  0    25  9   6   1    16  6   13  1    18  5   11  1    
48    19    51    40    38    21    40    3428    2     19  14  10  0    16  8   6   0    
49    56    54    40    39    26    40    10560   2     16  10  13  0    15  12  8   0    
50    46    26    40    60    46    40    3480    1     29  12  10  0    
51    25    46    40    24    53    40    3484    2     21  12  9   0    19  8   8   0    
52    63    45    40    47    30    40    20817   3     36  9   10  0    33  7   9   0    15  9   12  0    
53    42    76    40    47    76    40    3444    2     21  12  10  0    22  7   6   0    
54    44    69    40    58    50    40    10516   5     25  12  6   0    12  10  8   0    29  9   16  1    17  10  11  1    19  10  9   1    
55    55    50    40    60    50    40    20568   3     24  12  14  0    15  15  8   0    16  8   8   0    
56    63    57    40    37    81    40    3388    2     12  11  15  1    16  8   11  1    
57    59    44    40    41    20    40    10288   4     36  8   15  0    24  13  9   0    31  5   8   0    32  6   10  1    
58    42    27    40    26    49    40    10206   2     21  14  8   0    14  5   15  1    
59    17    50    40    16    56    40    6984    4     21  6   14  0    14  14  9   0    24  11  6   0    24  6   13  1    
60    42    80    40    62    49    40    6880    4     23  10  11  0    24  7   11  0    21  9   8   0    33  5   6   1    
61    40    78    40    26    50    40    20994   4     14  12  18  0    21  5   18  0    23  5   11  0    13  7   9   0    
62    44    23    40    16    53    40    3528    2     33  6   12  0    18  8   8   0    
63    40    29    40    40    25    40    3542    1     23  14  11  0    
64    42    74    40    46    80    40    31218   5     36  10  11  0    35  8   8   0    13  10  13  0    34  6   7   0    17  8   8   0    
65    66    52    40    67    52    40    6855    3     18  10  15  0    22  5   12  0    27  15  7   1    
66    25    48    40    17    56    40    3549    1     21  13  13  0    
67    40    23    40    67    57    40    20985   3     34  8   10  0    28  9   10  0    15  13  9   1    
68    38    82    40    42    79    40    3510    1     27  10  13  0    
69    14    56    40    17    44    40    3465    1     33  15  7   0    
70    47    23    40    45    25    40    31644   5     17  13  18  0    19  11  10  0    12  7   11  0    29  12  7   1    14  10  8   1    
71    59    46    40    42    72    40    3465    1     35  11  9   0    
72    41    71    40    56    50    40    6846    5     12  14  12  0    18  6   17  0    24  6   10  0    21  5   6   0    12  7   11  1    
73    62    48    40    37    69    40    10386   2     27  6   11  0    20  14  6   1    
74    47    75    40    56    47    40    6813    3     26  10  15  0    19  15  7   0    17  6   9   0    
75    42    25    40    56    46    40    3465    1     33  7   15  0    
