7     75    45000 60    25    30   
0     40    50    0     40    50    1236  0     
1     24    45    40    13    33    40    31911   5     26  12  11  0    19  6   18  0    25  7   7   0    15  6   6   0    28  11  11  1    
2     40    79    40    69    26    40    3400    1     20  10  17  1    
3     45    25    40    10    68    40    6873    3     15  15  17  0    16  9   12  0    20  11  6   0    
4     14    42    40    12    81    40    10308   2     13  9   18  0    19  5   14  0    
5     14    48    40    72    33    40    13810   5     28  12  13  0    31  13  10  0    17  14  15  0    12  10  8   0    14  9   7   0    
6     42    34    40    22    76    40    7086    5     15  15  9   0    18  10  8   0    16  11  6   0    17  5   9   0    20  9   10  1    
7     49    67    40    20    34    40    20430   4     33  14  7   0    15  8   9   0    13  9   12  1    13  12  7   1    
8     35    32    40    23    72    40    3468    1     34  6   17  0    
9     32    80    40    23    23    40    3505    2     15  11  11  0    13  13  10  1    
10    44    74    40    17    67    40    10536   2     25  8   10  0    21  8   9   0    
11    16    46    40    11    33    40    7111    4     16  9   9   0    15  7   6   0    34  15  8   1    17  5   13  1    
12    49    26    40    68    69    40    3520    1     32  10  11  0    
13    42    35    40    64    80    40    10500   2     28  10  6   0    26  10  7   1    
14    34    29    40    63    26    40    10510   4     28  11  14  0    16  10  15  0    30  5   13  0    24  7   11  0    
15    40    73    40    11    83    40    6888    3     16  14  17  0    13  5   16  0    15  8   17  1    
16    69    59    40    60    28    40    10500   1     35  10  10  1    
17    36    71    40    67    71    40    10467   4     22  14  11  0    21  13  11  0    17  9   12  0    28  8   10  1    
18    16    51    40    65    68    40    3472    1     31  7   16  0    
19    35    66    40    14    26    40    30882   4     13  12  18  0    19  7   12  0    19  10  16  1    19  15  10  1    
20    44    81    40    69    67    40    6927    3     31  9   13  0    33  5   12  0    24  5   11  0    
21    60    48    40    21    30    40    3514    2     13  11  14  0    21  12  6   0    
22    57    58    40    24    35    40    31473   5     28  12  9   0    17  10  14  0    14  7   11  0    12  5   12  0    23  11  13  1    
23    21    57    40    21    21    40    3536    1     34  8   13  0    
24    43    19    40    15    29    40    10320   5     32  9   13  0    36  8   7   0    24  5   14  0    18  10  8   0    15  12  8   0    
25    43    34    40    19    18    40    10263   2     29  11  7   0    33  6   6   0    
26    43    18    40    64    35    40    7030    5     28  11  8   0    13  12  13  0    22  6   9   0    24  5   6   0    15  7   6   0    
27    42    68    40    69    24    40    6988    5     18  6   17  0    19  5   18  0    15  6   15  0    14  7   14  1    12  10  6   1    
28    60    42    40    12    21    40    20757   4     21  7   11  0    32  6   6   0    34  7   13  1    16  6   11  1    
29    38    29    40    12    72    40    6972    3     24  10  14  0    31  6   14  0    14  6   12  0    
30    32    25    40    10    26    40    3432    1     26  12  11  0    
31    37    21    40    73    79    40    31236   5     16  8   17  0    17  8   16  0    12  5   14  0    30  10  9   1    14  15  12  1    
32    60    43    40    16    23    40    3542    1     23  14  11  0    
33    45    27    40    57    79    40    6918    5     21  10  9   0    30  7   8   0    21  10  6   0    36  5   6   0    14  9   8   0    
34    38    73    40    68    78    40    10416   2     12  14  12  0    26  8   7   0    
35    68    58    40    73    73    40    13734   5     27  10  6   0    32  6   8   0    12  13  8   0    23  15  14  1    30  10  15  1    
36    49    29    40    70    83    40    3468    1     17  12  17  1    
37    71    53    40    56    30    40    10656   2     16  13  9   1    21  5   16  1    
38    12    42    40    24    83    40    7104    3     23  12  9   0    20  13  6   0    34  5   18  1    
39    63    46    40    62    33    40    7076    4     22  6   6   0    16  6   8   0    22  14  13  1    18  12  7   1    
40    8     54    40    69    33    40    10416   1     31  14  8   0    
41    56    54    40    24    75    40    6832    4     16  12  16  0    20  8   7   0    16  5   9   0    20  12  8   1    
42    69    53    40    61    76    40    6846    5     34  8   6   0    15  14  7   0    17  14  6   0    16  6   11  0    18  7   10  1    
43    64    47    40    67    72    40    20556   5     14  8   13  0    14  5   17  0    26  6   7   0    15  9   6   0    36  8   8   1    
44    10    55    40    15    68    40    6878    3     29  8   14  0    33  5   14  0    15  11  8   1    
45    56    45    40    18    81    40    10261   5     20  15  6   0    25  11  6   0    22  13  11  1    35  7   10  1    27  5   9   1    
46    10    49    40    25    25    40    20712   5     16  12  12  0    20  8   7   0    12  8   10  0    30  9   8   1    12  5   6   1    
47    69    58    40    58    26    40    6792    5     17  12  11  0    12  5   16  0    25  9   6   1    16  6   13  1    18  5   11  1    
48    21    44    40    13    21    40    3428    2     19  14  10  0    16  8   6   0    
49    45    26    40    16    83    40    10560   2     16  10  13  0    15  12  8   0    
50    40    66    40    64    67    40    3480    1     29  12  10  0    
51    9     44    40    13    73    40    3484    2     21  12  9   0    19  8   8   0    
52    16    55    40    66    80    40    20817   3     36  9   10  0    33  7   9   0    15  9   12  0    
53    58    55    40    64    19    40    3444    2     21  12  10  0    22  7   6   0    
54    65    44    40    59    72    40    10516   5     25  12  6   0    12  10  8   0    29  9   16  1    17  10  11  1    19  10  9   1    
55    12    43    40    61    74    40    20568   3     24  12  14  0    15  15  8   0    16  8   8   0    
56    21    50    40    67    32    40    3388    2     12  11  15  1    16  8   11  1    
57    47    27    40    56    19    40    10288   4     36  8   15  0    24  13  9   0    31  5   8   0    32  6   10  1    
58    48    78    40    67    28    40    10206   2     21  14  8   0    14  5   15  1    
59    64    58    40    65    28    40    6984    4     21  6   14  0    14  14  9   0    24  11  6   0    24  6   13  1    
60    40    78    40    73    28    40    6880    4     23  10  11  0    24  7   11  0    21  9   8   0    33  5   6   1    
61    32    81    40    10    81    40    20994   4     14  12  18  0    21  5   18  0    23  5   11  0    13  7   9   0    
62    58    50    40    8     18    40    3528    2     33  6   12  0    18  8   8   0    
63    45    20    40    11    30    40    3542    1     23  14  11  0    
64    12    48    40    57    68    40    31218   5     36  10  11  0    35  8   8   0    13  10  13  0    34  6   7   0    17  8   8   0    
65    39    66    40    25    32    40    6855    3     18  10  15  0    22  5   12  0    27  15  7   1    
66    72    59    40    14    72    40    3549    1     21  13  13  0    
67    17    52    40    67    25    40    20985   3     34  8   10  0    28  9   10  0    15  13  9   1    
68    36    77    40    22    66    40    3510    1     27  10  13  0    
69    20    49    40    17    20    40    3465    1     33  15  7   0    
70    60    50    40    73    77    40    31644   5     17  13  18  0    19  11  10  0    12  7   11  0    29  12  7   1    14  10  8   1    
71    38    66    40    17    74    40    3465    1     35  11  9   0    
72    38    26    40    63    72    40    6846    5     12  14  12  0    18  6   17  0    24  6   10  0    21  5   6   0    12  7   11  1    
73    40    68    40    57    27    40    10386   2     27  6   11  0    20  14  6   1    
74    32    73    40    20    78    40    6813    3     26  10  15  0    19  15  7   0    17  6   9   0    
75    11    43    40    13    74    40    3465    1     33  7   15  0    
