7     75    45000 60    25    30   
0     40    50    0     40    50    1236  0     
1     10    16    40    50    18    40    21087   2     17  9   13  0    28  10  18  1    
2     12    65    40    18    63    40    10426   2     26  12  15  0    26  13  17  1    
3     45    24    40    15    53    40    3465    1     21  11  15  0    
4     69    59    40    52    21    40    21078   3     34  14  6   0    26  5   17  0    14  14  10  0    
5     63    52    40    50    36    40    3536    1     26  8   17  0    
6     33    55    40    46    51    40    14142   2     35  15  18  0    23  12  17  0    
7     21    27    40    33    31    40    20952   3     27  14  12  0    24  6   9   0    16  6   12  1    
8     17    34    40    27    53    40    6772    3     14  13  18  0    16  7   13  0    12  10  17  1    
9     26    44    40    57    49    40    3510    1     30  13  9   1    
10    68    25    40    12    34    40    21060   1     36  13  15  1    
11    39    57    40    66    36    40    3388    1     28  11  11  1    
12    68    50    40    23    35    40    7024    3     23  12  18  0    13  5   6   0    14  7   17  1    
13    31    60    40    27    26    40    30720   2     32  5   15  0    35  14  16  1    
14    56    74    40    54    60    40    7056    3     28  9   12  0    32  13  7   0    16  10  7   0    
15    34    28    40    65    74    40    3480    1     29  12  10  0    
16    48    75    40    37    58    40    31953   2     27  15  15  0    22  13  16  1    
17    47    24    40    44    85    40    3392    2     24  7   14  0    13  10  8   0    
18    20    22    40    26    81    40    10212   2     32  12  18  0    30  10  11  0    
19    15    73    40    68    36    40    20652   3     19  13  13  0    31  8   11  1    15  7   9   1    
20    57    64    40    65    59    40    6825    3     25  9   11  0    13  14  15  1    18  10  9   1    
21    60    23    40    50    42    40    3496    2     12  10  17  0    14  8   13  0    
22    35    49    40    43    74    40    30798   3     34  12  17  0    27  10  11  0    12  5   6   0    
23    29    21    40    67    81    40    3437    2     13  7   7   0    25  8   14  1    
24    33    46    40    25    30    40    7048    3     22  8   15  0    33  8   7   0    16  10  16  1    
25    69    25    40    28    73    40    21216   1     34  13  16  0    
26    69    39    40    36    69    40    7090    2     26  13  17  0    14  6   16  0    
27    11    68    40    39    25    40    3419    2     31  8   7   0    17  11  9   0    
28    18    77    40    57    21    40    20790   3     15  15  11  0    27  10  9   0    15  15  9   1    
29    52    25    40    24    44    40    10292   3     26  15  13  0    26  14  8   0    35  11  6   1    
30    63    70    40    59    61    40    3465    1     33  15  7   0    
31    58    57    40    14    38    40    20475   1     35  15  13  0    
32    47    71    40    46    42    40    10272   2     36  14  18  0    24  5   10  0    
33    61    24    40    11    17    40    3458    2     21  8   11  0    23  7   10  0    
34    69    33    40    29    56    40    10560   1     20  11  16  0    
35    47    15    40    60    53    40    7080    2     33  10  13  0    31  6   15  0    
36    59    71    40    10    40    40    6936    1     34  12  17  0    
37    40    80    40    18    70    40    20925   1     31  15  15  1    
38    10    50    40    28    60    40    3509    1     29  11  11  0    
39    28    20    40    61    65    40    6801    3     15  13  7   0    36  5   17  1    22  12  9   1    
40    60    41    40    26    62    40    20358   1     29  13  18  0    
41    14    54    40    41    18    40    6912    1     36  12  16  1    
42    53    20    40    43    60    40    14156   2     29  14  17  0    31  13  18  1    
43    32    44    40    29    73    40    20496   2     18  14  17  0    14  14  13  1    
44    50    25    40    35    59    40    7092    3     22  9   15  0    18  9   12  0    33  11  6   1    
45    64    67    40    31    72    40    3500    1     35  10  10  1    
46    53    34    40    32    27    40    10260   2     25  9   6   0    23  5   18  1    
47    40    38    40    70    43    40    3480    1     29  15  8   0    
48    18    42    40    46    23    40    7045    3     25  9   13  0    30  14  6   0    25  8   8   0    
49    63    79    40    43    57    40    10347   2     27  5   13  0    22  11  7   0    
50    36    53    40    26    48    40    6912    2     18  14  16  0    24  8   15  1    
51    39    81    40    50    20    40    3402    1     27  14  9   0    
52    16    65    40    32    52    40    10248   2     15  14  12  0    16  7   8   1    
53    53    45    40    16    60    40    6820    3     14  11  16  0    18  12  11  0    22  6   15  0    
54    60    40    40    67    51    40    3525    2     33  5   14  0    15  9   9   0    
55    62    50    40    60    48    40    30996   3     22  14  15  0    35  12  11  0    13  7   12  1    
56    50    19    40    40    35    40    3542    2     33  9   6   0    20  8   11  0    
57    14    36    40    34    71    40    3534    2     33  10  7   0    17  12  6   1    
58    19    61    40    19    21    40    21279   3     15  10  17  0    14  11  16  0    27  11  7   1    
59    57    67    40    37    27    40    10145   3     31  14  17  0    28  8   8   0    13  5   15  0    
60    51    70    40    61    42    40    6825    1     35  13  15  0    
61    35    20    40    34    49    40    10590   2     34  5   14  0    23  5   10  0    
62    34    56    40    46    18    40    3546    2     13  10  9   0    18  11  12  1    
63    56    40    40    65    15    40    6792    3     24  12  16  0    28  6   7   0    14  6   12  1    
64    31    24    40    48    58    40    21198   2     32  14  13  0    23  9   6   1    
65    54    33    40    46    54    40    3549    2     19  7   9   0    28  6   14  1    
66    69    75    40    58    44    40    3402    1     21  9   18  0    
67    52    55    40    70    39    40    20442   3     18  13  11  0    16  9   15  0    32  5   13  0    
68    69    69    40    58    63    40    7072    1     32  13  17  0    
69    59    78    40    10    23    40    3393    1     29  13  9   0    
70    10    51    40    70    77    40    10368   2     24  6   6   0    12  12  18  1    
71    46    72    40    13    69    40    3520    1     32  11  10  0    
72    66    61    40    60    19    40    7020    3     27  10  18  0    32  6   6   0    18  7   8   0    
73    58    67    40    62    32    40    30954   3     32  12  12  0    29  15  10  0    17  5   16  0    
74    52    32    40    14    81    40    10284   3     34  13  12  0    20  13  15  0    12  10  9   0    
75    51    44    40    31    71    40    3402    2     13  9   16  0    17  9   10  0    
