7     75    45000 60    25    30   
0     40    50    0     40    50    1236  0     
1     24    48    40    26    45    40    20412   1     27  14  18  0    
2     47    69    40    38    30    40    10520   2     30  15  18  1    22  10  11  1    
3     19    47    40    42    26    40    3432    1     26  12  11  0    
4     42    79    40    35    70    40    20844   3     23  13  12  0    20  7   8   0    35  8   8   1    
5     67    49    40    25    52    40    3388    1     28  11  11  0    
6     43    27    40    40    26    40    13680   2     36  15  18  0    24  15  11  0    
7     56    57    40    25    51    40    21162   3     33  8   11  0    34  5   16  0    13  11  10  1    
8     60    49    40    65    46    40    6900    3     20  9   17  0    19  12  10  0    12  10  13  0    
9     35    20    40    43    22    40    3528    2     12  14  12  1    36  6   7   1    
10    37    75    40    60    56    40    10638   2     31  6   11  0    15  10  10  0    
11    17    47    40    34    28    40    6828    2     36  10  12  0    19  12  11  1    
12    61    44    40    63    50    40    3456    1     32  12  9   1    
13    40    30    40    55    50    40    31020   3     24  12  17  0    26  11  14  0    15  8   12  1    
14    63    51    40    43    31    40    6808    2     25  11  8   0    32  12  12  1    
15    17    49    40    41    70    40    10509   3     35  15  12  0    34  6   16  0    21  5   9   1    
16    34    73    40    40    22    40    10248   2     32  7   10  0    12  14  7   1    
17    58    56    40    20    47    40    6902    1     29  14  17  0    
18    40    32    40    40    81    40    10640   3     31  14  15  0    26  10  7   0    33  10  7   1    
19    35    79    40    59    47    40    10341   2     13  11  15  0    31  7   6   0    
20    39    80    40    45    30    40    7072    1     32  13  17  0    
21    45    82    40    64    46    40    6852    3     32  13  12  0    12  10  10  0    22  5   6   0    
22    67    55    40    66    57    40    10368   1     36  12  8   1    
23    47    77    40    37    82    40    10422   3     31  10  18  0    30  15  9   0    22  6   6   0    
24    63    54    40    19    52    40    3518    2     19  12  8   0    14  11  11  0    
25    62    46    40    14    57    40    20553   1     31  13  17  1    
26    36    29    40    43    26    40    10440   2     33  12  14  0    34  8   18  0    
27    60    45    40    41    75    40    3456    1     24  12  12  1    
28    23    50    40    46    81    40    10557   1     23  9   17  0    
29    65    44    40    35    25    40    6978    3     36  15  6   0    26  13  6   0    19  5   18  0    
30    19    46    40    27    51    40    6936    1     34  12  17  0    
31    42    80    40    36    79    40    20676   3     19  14  10  0    15  6   10  0    17  14  14  1    
32    39    82    40    46    27    40    10512   3     30  14  13  0    30  12  11  0    13  14  6   0    
33    34    74    40    62    51    40    6916    2     18  14  15  0    16  14  14  0    
34    56    51    40    34    30    40    10614   2     29  6   7   0    29  8   10  1    
35    41    76    40    58    54    40    10191   3     33  7   17  0    35  8   12  0    33  8   11  0    
36    46    25    40    34    26    40    3468    2     28  7   12  0    31  6   6   0    
37    59    44    40    43    69    40    21216   1     32  13  17  0    
38    64    53    40    27    57    40    3441    2     33  5   13  0    27  6   8   0    
39    38    76    40    26    54    40    3416    2     25  7   10  0    17  7   14  0    
40    38    70    40    38    24    40    30816   2     28  8   18  0    32  13  15  1    
41    18    49    40    44    19    40    13674   3     33  10  17  0    24  15  12  0    32  13  9   0    
42    39    81    40    55    47    40    3451    1     29  7   17  1    
43    21    54    40    40    28    40    10608   1     34  8   13  1    
44    34    69    40    47    74    40    7095    3     15  14  7   0    13  5   9   0    21  15  16  1    
45    65    45    40    47    70    40    7000    2     17  14  10  0    33  10  14  1    
46    61    53    40    58    44    40    20736   2     24  12  15  0    27  12  8   0    
47    41    26    40    18    51    40    7044    2     17  8   17  0    26  14  13  1    
48    40    27    40    65    57    40    7032    3     25  10  12  0    18  10  14  0    14  9   12  1    
49    17    48    40    41    69    40    20868   3     22  7   18  0    29  8   14  1    26  6   6   1    
50    37    29    40    46    26    40    6824    3     32  9   10  0    28  6   13  0    22  8   10  0    
51    16    55    40    36    27    40    10310   3     25  13  18  0    19  14  10  0    15  8   15  0    
52    35    21    40    42    72    40    30882   3     24  11  15  0    23  14  7   0    34  10  12  1    
53    38    81    40    24    54    40    3536    1     17  13  16  0    
54    46    69    40    39    75    40    6900    2     34  12  14  0    18  11  6   0    
55    23    45    40    57    47    40    10626   1     23  14  11  0    
56    19    57    40    46    77    40    3448    2     19  8   17  0    16  6   9   1    
57    40    21    40    16    44    40    3432    2     26  15  6   0    26  6   7   0    
58    60    51    40    45    70    40    31590   2     36  15  12  0    30  15  9   0    
59    56    53    40    39    26    40    3412    2     23  11  10  0    21  6   7   0    
60    37    19    40    39    27    40    3528    2     18  7   18  0    18  10  7   0    
61    39    72    40    21    51    40    10368   2     18  15  8   0    36  6   6   0    
62    14    46    40    54    51    40    7023    2     31  12  13  0    27  9   9   0    
63    34    21    40    54    44    40    6912    1     36  12  16  1    
64    20    50    40    17    52    40    31707   3     12  6   17  0    34  14  15  1    21  7   15  1    
65    27    56    40    21    50    40    6752    3     14  12  16  0    32  5   15  0    16  13  8   0    
66    44    69    40    40    74    40    3528    1     28  14  9   0    
67    43    71    40    56    50    40    10206   2     21  9   14  0    12  9   7   0    
68    26    47    40    54    47    40    7095    3     19  15  9   0    25  11  6   0    16  15  12  1    
69    59    57    40    54    49    40    7028    2     20  14  17  0    36  7   9   0    
70    39    21    40    43    20    40    20358   1     29  13  18  0    
71    19    56    40    45    27    40    3520    1     32  11  10  1    
72    56    55    40    24    49    40    6932    2     26  14  14  0    34  6   9   1    
73    24    52    40    24    51    40    10374   1     19  13  14  1    
74    17    44    40    19    50    40    3432    1     33  13  8   0    
75    45    74    40    41    31    40    3456    2     12  12  14  0    20  6   12  1    
