7     75    45000 60    25    30   
0     40    50    0     40    50    1236  0     
1     35    72    40    45    77    40    21087   2     17  9   13  0    28  10  18  1    
2     36    74    40    20    49    40    10426   2     26  12  15  0    26  13  17  1    
3     60    54    40    23    56    40    3465    1     21  11  15  0    
4     64    51    40    14    52    40    21078   3     34  14  6   0    26  5   17  0    14  14  10  0    
5     47    80    40    45    76    40    3536    1     26  8   17  0    
6     61    49    40    56    51    40    14142   2     35  15  18  0    23  12  17  0    
7     41    73    40    59    53    40    20952   3     27  14  12  0    24  6   9   0    16  6   12  1    
8     20    57    40    46    75    40    6772    3     14  13  18  0    16  7   13  0    12  10  17  1    
9     58    52    40    57    50    40    3510    1     30  13  9   1    
10    56    55    40    41    75    40    21060   1     36  13  15  1    
11    45    81    40    44    25    40    3388    1     28  11  11  1    
12    22    50    40    37    77    40    7024    3     23  12  18  0    13  5   6   0    14  7   17  1    
13    47    22    40    40    21    40    30720   2     32  5   15  0    35  14  16  1    
14    42    32    40    39    70    40    7056    3     28  9   12  0    32  13  7   0    16  10  7   0    
15    26    44    40    40    31    40    3480    1     29  12  10  0    
16    38    21    40    58    57    40    31953   2     27  15  15  0    22  13  16  1    
17    47    24    40    63    48    40    3392    2     24  7   14  0    13  10  8   0    
18    25    48    40    43    27    40    10212   2     32  12  18  0    30  10  11  0    
19    40    26    40    36    27    40    20652   3     19  13  13  0    31  8   11  1    15  7   9   1    
20    21    45    40    35    74    40    6825    3     25  9   11  0    13  14  15  1    18  10  9   1    
21    39    24    40    34    32    40    3496    2     12  10  17  0    14  8   13  0    
22    20    51    40    46    70    40    30798   3     34  12  17  0    27  10  11  0    12  5   6   0    
23    36    30    40    44    19    40    3437    2     13  7   7   0    25  8   14  1    
24    46    30    40    45    75    40    7048    3     22  8   15  0    33  8   7   0    16  10  16  1    
25    16    56    40    23    55    40    21216   1     34  13  16  0    
26    25    56    40    37    28    40    7090    2     26  13  17  0    14  6   16  0    
27    60    55    40    60    46    40    3419    2     31  8   7   0    17  11  9   0    
28    42    20    40    42    25    40    20790   3     15  15  11  0    27  10  9   0    15  15  9   1    
29    39    73    40    42    69    40    10292   3     26  15  13  0    26  14  8   0    35  11  6   1    
30    46    78    40    60    49    40    3465    1     33  15  7   0    
31    26    49    40    65    46    40    20475   1     35  15  13  0    
32    40    80    40    64    54    40    10272   2     36  14  18  0    24  5   10  0    
33    37    75    40    64    53    40    3458    2     21  8   11  0    23  7   10  0    
34    67    49    40    23    47    40    10560   1     20  11  16  0    
35    25    49    40    37    76    40    7080    2     33  10  13  0    31  6   15  0    
36    60    50    40    45    20    40    6936    1     34  12  17  0    
37    22    53    40    35    21    40    20925   1     31  15  15  1    
38    20    55    40    63    56    40    3509    1     29  11  11  0    
39    41    21    40    36    75    40    6801    3     15  13  7   0    36  5   17  1    22  12  9   1    
40    47    19    40    14    54    40    20358   1     29  13  18  0    
41    34    70    40    39    74    40    6912    1     36  12  16  1    
42    39    32    40    24    50    40    14156   2     29  14  17  0    31  13  18  1    
43    44    26    40    60    47    40    20496   2     18  14  17  0    14  14  13  1    
44    58    48    40    45    72    40    7092    3     22  9   15  0    18  9   12  0    33  11  6   1    
45    39    28    40    24    47    40    3500    1     35  10  10  1    
46    21    57    40    15    44    40    10260   2     25  9   6   0    23  5   18  1    
47    66    49    40    35    75    40    3480    1     29  15  8   0    
48    47    71    40    38    72    40    7045    3     25  9   13  0    30  14  6   0    25  8   8   0    
49    55    55    40    15    52    40    10347   2     27  5   13  0    22  11  7   0    
50    35    25    40    38    74    40    6912    2     18  14  16  0    24  8   15  1    
51    40    19    40    57    56    40    3402    1     27  14  9   0    
52    34    19    40    54    51    40    10248   2     15  14  12  0    16  7   8   1    
53    41    26    40    45    30    40    6820    3     14  11  16  0    18  12  11  0    22  6   15  0    
54    20    56    40    65    44    40    3525    2     33  5   14  0    15  9   9   0    
55    67    56    40    57    57    40    30996   3     22  14  15  0    35  12  11  0    13  7   12  1    
56    14    49    40    59    49    40    3542    2     33  9   6   0    20  8   11  0    
57    21    50    40    17    55    40    3534    2     33  10  7   0    17  12  6   1    
58    62    45    40    54    57    40    21279   3     15  10  17  0    14  11  16  0    27  11  7   1    
59    67    50    40    36    81    40    10145   3     31  14  17  0    28  8   8   0    13  5   15  0    
60    18    47    40    43    74    40    6825    1     35  13  15  0    
61    64    45    40    42    81    40    10590   2     34  5   14  0    23  5   10  0    
62    47    79    40    20    44    40    3546    2     13  10  9   0    18  11  12  1    
63    46    79    40    60    53    40    6792    3     24  12  16  0    28  6   7   0    14  6   12  1    
64    44    72    40    18    50    40    21198   2     32  14  13  0    23  9   6   1    
65    15    51    40    40    22    40    3549    2     19  7   9   0    28  6   14  1    
66    61    51    40    46    19    40    3402    1     21  9   18  0    
67    59    46    40    18    48    40    20442   3     18  13  11  0    16  9   15  0    32  5   13  0    
68    62    57    40    36    70    40    7072    1     32  13  17  0    
69    27    54    40    35    79    40    3393    1     29  13  9   0    
70    39    79    40    46    27    40    10368   2     24  6   6   0    12  12  18  1    
71    46    31    40    19    55    40    3520    1     32  11  10  0    
72    14    46    40    60    51    40    7020    3     27  10  18  0    32  6   6   0    18  7   8   0    
73    21    56    40    40    28    40    30954   3     32  12  12  0    29  15  10  0    17  5   16  0    
74    39    29    40    45    21    40    10284   3     34  13  12  0    20  13  15  0    12  10  9   0    
75    39    77    40    14    47    40    3402    2     13  9   16  0    17  9   10  0    
