7     75    45000 60    25    30   
0     40    50    0     40    50    1236  0     
1     10    16    40    50    18    40    21096   4     22  6   14  0    18  6   13  0    23  6   15  1    19  5   18  1    
2     12    65    40    18    63    40    10478   5     12  10  16  0    27  8   7   0    22  5   13  0    26  12  10  1    12  13  16  1    
3     45    24    40    15    53    40    3472    1     31  7   16  0    
4     69    59    40    52    21    40    21168   3     16  9   16  0    12  9   12  0    32  9   12  1    
5     63    52    40    50    36    40    3549    2     21  7   13  0    18  7   13  0    
6     33    55    40    46    51    40    14190   4     21  15  16  0    27  15  12  0    33  9   10  0    12  11  10  0    
7     21    27    40    33    31    40    20952   3     30  11  12  0    21  6   18  0    14  9   6   0    
8     17    34    40    27    53    40    6794    3     35  15  6   0    19  7   14  0    27  6   11  0    
9     26    44    40    57    49    40    3510    1     18  15  13  0    
10    68    25    40    12    34    40    21060   5     16  15  10  0    12  13  8   0    12  11  9   0    18  9   7   0    14  5   15  0    
11    39    57    40    66    36    40    3400    2     15  8   15  0    16  10  10  0    
12    68    50    40    23    35    40    7048    5     28  9   7   0    15  14  8   0    28  8   11  1    14  6   8   1    13  6   6   1    
13    31    60    40    27    26    40    30762   4     27  10  13  0    18  12  13  0    22  6   8   0    30  6   16  1    
14    56    74    40    54    60    40    7088    5     33  7   8   0    36  6   7   0    19  6   12  0    17  10  8   0    25  5   8   1    
15    34    28    40    65    74    40    3480    1     29  15  8   1    
16    48    75    40    37    58    40    31968   4     19  13  18  0    21  9   14  0    36  9   6   0    18  9   10  0    
17    47    24    40    44    85    40    3394    2     31  10  7   0    12  6   17  0    
18    20    22    40    26    81    40    10263   4     29  11  16  0    35  6   11  0    19  7   13  0    20  8   7   1    
19    15    73    40    68    36    40    20658   5     15  9   12  0    22  10  7   0    18  8   10  0    21  6   11  0    15  10  6   0    
20    57    64    40    65    59    40    6856    3     29  6   8   0    23  8   16  1    21  8   15  1    
21    60    23    40    50    42    40    3510    1     15  13  18  0    
22    35    49    40    43    74    40    30798   4     31  9   14  0    29  6   17  0    21  10  9   0    12  7   18  1    
23    29    21    40    67    81    40    3450    2     29  15  6   0    14  5   12  1    
24    33    46    40    25    30    40    7076    5     26  14  7   0    20  7   8   0    12  5   12  0    28  6   13  1    12  7   6   1    
25    69    25    40    28    73    40    21240   3     22  8   15  0    16  15  8   0    30  6   14  1    
26    69    39    40    36    69    40    7116    3     26  12  13  0    14  10  9   0    15  12  10  1    
27    11    68    40    39    25    40    3432    1     24  13  11  0    
28    18    77    40    57    21    40    20841   4     29  6   11  0    25  5   11  0    13  6   11  0    35  10  8   1    
29    52    25    40    24    44    40    10320   5     25  5   7   0    18  6   7   0    33  12  10  1    12  14  18  1    31  5   11  1    
30    63    70    40    59    61    40    3468    1     34  6   17  0    
31    58    57    40    14    38    40    20520   4     36  6   10  0    29  8   9   0    20  8   9   0    16  9   8   0    
32    47    71    40    46    42    40    10296   4     24  14  14  0    22  14  9   0    12  15  10  0    17  5   12  0    
33    61    24    40    11    17    40    3472    1     31  8   14  0    
34    69    33    40    29    56    40    10584   2     24  5   18  0    19  12  6   0    
35    47    15    40    60    53    40    7096    3     30  12  9   0    19  10  13  0    18  11  7   0    
36    59    71    40    10    40    40    6952    5     28  7   13  0    17  6   16  0    13  7   17  1    14  5   11  1    13  5   7   1    
37    40    80    40    18    70    40    20952   4     31  5   18  0    24  8   11  0    12  13  7   1    15  6   11  1    
38    10    50    40    28    60    40    3510    1     27  10  13  1    
39    28    20    40    61    65    40    6822    5     21  15  6   0    13  8   18  0    26  7   6   0    12  5   9   0    17  7   12  1    
40    60    41    40    26    62    40    20457   5     18  10  11  0    15  10  12  0    17  6   8   0    21  5   7   0    31  6   8   1    
41    14    54    40    41    18    40    6932    4     25  15  8   0    16  10  14  0    12  5   17  0    14  6   8   1    
42    53    20    40    43    60    40    14226   4     30  14  14  0    33  5   16  0    19  11  18  1    18  6   18  1    
43    32    44    40    29    73    40    20592   3     29  12  13  0    32  5   9   0    15  5   12  0    
44    50    25    40    35    59    40    7121    4     33  14  6   0    27  5   15  0    26  7   10  0    12  6   7   1    
45    64    67    40    31    72    40    3504    2     36  7   12  0    16  5   6   0    
46    53    34    40    32    27    40    10296   1     26  11  12  1    
47    40    38    40    70    43    40    3480    1     29  12  10  0    
48    18    42    40    46    23    40    7074    4     20  15  11  0    14  10  12  0    13  6   8   0    21  5   14  1    
49    63    79    40    43    57    40    10368   1     32  6   18  1    
50    36    53    40    26    48    40    6923    5     20  6   14  0    18  5   7   0    23  7   13  1    22  6   10  1    20  5   12  1    
51    39    81    40    50    20    40    3410    1     31  11  10  0    
52    16    65    40    32    52    40    10296   1     26  12  11  0    
53    53    45    40    16    60    40    6840    3     23  8   14  0    24  6   6   0    25  8   17  1    
54    60    40    40    67    51    40    3528    2     32  7   6   0    14  13  12  1    
55    62    50    40    60    48    40    31068   4     28  12  12  0    27  8   11  0    14  12  13  0    21  6   14  0    
56    50    19    40    40    35    40    3549    2     21  9   11  0    21  5   14  0    
57    14    36    40    34    71    40    3549    1     21  13  13  0    
58    19    61    40    19    21    40    21360   3     29  10  10  0    12  11  15  0    20  14  8   1    
59    57    67    40    37    27    40    10164   4     31  9   16  0    20  9   13  1    14  9   16  1    28  8   6   1    
60    51    70    40    61    42    40    6828    5     35  10  6   0    12  12  10  0    18  6   11  0    25  6   9   1    15  5   10  1    
61    35    20    40    34    49    40    10614   2     22  9   11  0    17  8   10  1    
62    34    56    40    46    18    40    3553    1     19  11  17  1    
63    56    40    40    65    15    40    6810    5     28  9   10  0    34  6   9   0    16  9   6   0    15  11  6   1    15  5   8   1    
64    31    24    40    48    58    40    21288   5     13  8   17  0    24  8   9   0    16  11  6   0    22  5   8   0    13  8   16  1    
65    54    33    40    46    54    40    3563    2     16  7   18  0    13  7   17  0    
66    69    75    40    58    44    40    3414    2     17  9   6   0    13  12  16  1    
67    52    55    40    70    39    40    20460   3     13  15  14  0    23  10  11  0    26  10  6   0    
68    69    69    40    58    63    40    7080    4     26  12  10  0    25  13  6   0    23  6   10  0    15  7   6   0    
69    59    78    40    10    23    40    3400    1     25  8   17  0    
70    10    51    40    70    77    40    10416   1     31  7   16  0    
71    46    72    40    13    69    40    3528    2     14  11  12  0    12  14  10  0    
72    66    61    40    60    19    40    7037    4     32  10  8   0    25  11  7   0    18  14  6   0    13  5   16  0    
73    58    67    40    62    32    40    31041   4     35  7   15  0    20  14  12  0    33  12  7   0    12  5   9   0    
74    52    32    40    14    81    40    10294   4     22  14  16  0    27  15  6   0    33  6   8   0    13  13  8   0    
75    51    44    40    31    71    40    3402    1     27  9   14  0    
