7     75    45000 60    25    30   
0     40    50    0     40    50    1236  0     
1     21    15    40    43    21    40    31770   3     27  14  11  0    36  15  7   0    17  13  12  0    
2     43    30    40    58    20    40    3384    2     15  15  8   0    33  8   6   0    
3     54    80    40    65    53    40    6850    3     31  5   14  0    16  9   13  0    13  12  18  1    
4     26    50    40    55    82    40    10296   1     33  13  8   0    
5     14    54    40    50    52    40    13770   2     33  15  18  0    36  9   15  0    
6     31    55    40    66    57    40    7065    2     33  12  15  0    15  5   15  0    
7     43    32    40    10    42    40    20352   3     25  5   12  0    20  5   10  0    34  9   14  1    
8     36    72    40    34    84    40    3468    1     34  6   17  0    
9     53    78    40    26    18    40    3500    1     35  10  10  1    
10    65    45    40    10    81    40    10530   1     27  10  13  0    
11    44    30    40    24    78    40    7088    2     34  10  11  0    31  12  9   0    
12    30    85    40    62    84    40    3520    1     32  10  11  0    
13    26    76    40    64    21    40    10497   2     25  7   13  0    17  8   9   1    
14    42    30    40    25    32    40    10464   3     30  13  12  0    36  10  10  0    24  7   13  0    
15    58    42    40    64    54    40    6858    3     24  8   18  0    14  15  10  0    31  7   6   0    
16    10    82    40    63    73    40    10488   2     17  10  12  0    13  7   16  0    
17    69    81    40    49    43    40    10448   2     23  15  16  0    32  11  14  0    
18    65    75    40    47    64    40    3471    2     13  13  13  1    14  7   13  1    
19    65    35    40    34    66    40    30744   3     36  13  8   0    33  6   10  0    29  12  13  1    
20    61    73    40    36    73    40    6902    1     29  14  17  0    
21    34    56    40    22    22    40    3510    1     26  15  9   1    
22    44    36    40    19    39    40    31356   3     28  15  12  0    20  11  18  0    22  11  6   0    
23    20    71    40    21    76    40    3524    2     31  14  6   0    23  5   8   0    
24    62    21    40    12    69    40    10270   3     19  15  17  0    25  7   7   0    25  12  14  1    
25    66    72    40    53    38    40    10260   1     19  12  15  0    
26    35    30    40    38    57    40    7020    2     28  6   15  0    20  15  15  1    
27    35    71    40    46    47    40    6955    2     31  13  10  0    25  9   13  0    
28    44    16    40    27    80    40    20754   3     21  7   14  0    27  7   9   0    27  13  9   1    
29    36    22    40    65    55    40    6970    2     30  11  16  0    26  5   13  1    
30    67    41    40    39    67    40    3420    1     19  12  15  1    
31    60    69    40    40    23    40    31221   3     31  9   18  0    29  10  15  0    23  5   9   0    
32    50    19    40    20    30    40    3540    2     15  6   6   0    25  8   15  1    
33    31    61    40    18    57    40    6885    1     27  15  17  0    
34    41    31    40    29    84    40    10416   2     22  13  7   0    15  14  7   0    
35    69    55    40    60    36    40    13670   2     33  15  18  0    28  10  17  0    
36    16    71    40    40    33    40    3468    2     24  8   8   0    23  12  7   1    
37    59    83    40    56    29    40    10608   2     21  12  8   0    19  8   10  0    
38    26    28    40    43    49    40    7072    1     34  13  16  0    
39    51    19    40    66    36    40    7056    2     32  14  9   0    36  7   12  1    
40    68    61    40    19    54    40    10374   2     31  13  6   1    13  10  8   1    
41    22    56    40    34    41    40    6804    1     27  14  18  0    
42    27    21    40    40    15    40    6844    3     24  9   16  0    28  9   8   0    14  7   14  1    
43    70    26    40    58    64    40    20529   3     24  15  7   0    33  5   15  0    21  11  8   1    
44    62    28    40    45    60    40    6865    2     22  12  10  0    25  13  13  1    
45    65    48    40    36    41    40    10244   3     29  15  17  0    31  5   11  0    13  8   11  0    
46    22    38    40    67    54    40    20649   3     32  13  8   0    15  12  6   0    25  9   11  1    
47    10    50    40    15    29    40    6790    2     29  14  9   0    14  14  16  0    
48    15    37    40    59    43    40    3420    1     19  12  15  0    
49    24    39    40    41    36    40    10551   2     17  7   18  0    25  5   11  1    
50    12    31    40    60    51    40    3480    1     29  10  12  1    
51    11    60    40    16    84    40    3470    2     22  5   7   0    20  15  9   1    
52    24    74    40    69    27    40    20769   3     21  11  13  0    23  8   14  0    32  7   6   0    
53    56    57    40    26    43    40    3444    2     18  14  8   0    17  14  6   0    
54    54    21    40    38    82    40    10489   2     34  11  17  0    27  9   17  0    
55    23    80    40    36    29    40    20505   3     23  9   13  0    20  7   12  0    14  11  16  1    
56    46    22    40    32    31    40    3388    1     22  11  14  0    
57    55    39    40    65    84    40    10268   2     34  13  13  0    19  14  17  0    
58    45    41    40    51    31    40    10206   1     27  14  9   1    
59    59    62    40    51    37    40    6983    3     12  5   12  0    35  11  11  1    12  13  13  1    
60    13    16    40    56    81    40    6863    3     16  13  14  0    23  9   13  0    12  15  7   1    
61    70    16    40    23    17    40    20967   3     18  10  16  0    23  13  7   0    36  7   8   0    
62    48    61    40    36    82    40    3528    1     28  9   14  0    
63    60    37    40    56    40    40    3536    1     17  13  16  1    
64    55    80    40    36    32    40    31185   2     35  15  16  0    19  15  7   1    
65    55    79    40    34    50    40    6851    1     31  13  17  0    
66    62    67    40    37    24    40    3542    1     23  14  11  0    
67    25    65    40    33    83    40    20952   2     31  6   12  0    33  12  12  1    
68    22    18    40    42    85    40    3500    2     20  7   17  0    20  7   8   0    
69    14    51    40    19    29    40    3456    1     24  12  12  1    
70    25    45    40    24    61    40    31626   2     33  14  13  0    21  12  18  1    
71    58    36    40    11    61    40    3458    2     21  11  8   0    23  10  7   0    
72    28    75    40    68    45    40    6819    3     25  5   8   0    17  9   6   0    29  13  13  1    
73    26    62    40    54    42    40    10380   2     23  10  8   0    27  6   10  0    
74    62    55    40    21    22    40    6800    3     32  9   15  0    19  5   10  0    17  9   10  1    
75    68    60    40    12    58    40    3460    2     12  10  16  0    14  11  10  0    
