7     75    45000 60    25    30   
0     40    50    0     40    50    1236  0     
1     34    30    40    17    49    40    31770   3     27  14  11  0    36  15  7   0    17  13  12  0    
2     60    56    40    64    54    40    3384    2     15  15  8   0    33  8   6   0    
3     54    54    40    40    31    40    6850    3     31  5   14  0    16  9   13  0    13  12  18  1    
4     40    21    40    21    47    40    10296   1     33  13  8   0    
5     46    24    40    67    56    40    13770   2     33  15  18  0    36  9   15  0    
6     35    69    40    44    25    40    7065    2     33  12  15  0    15  5   15  0    
7     66    44    40    25    53    40    20352   3     25  5   12  0    20  5   10  0    34  9   14  1    
8     35    23    40    66    49    40    3468    1     34  6   17  0    
9     47    71    40    35    72    40    3500    1     35  10  10  1    
10    26    56    40    40    27    40    10530   1     27  10  13  0    
11    66    50    40    22    48    40    7088    2     34  10  11  0    31  12  9   0    
12    40    32    40    54    50    40    3520    1     32  10  11  0    
13    57    47    40    21    51    40    10497   2     25  7   13  0    17  8   9   1    
14    36    22    40    25    51    40    10464   3     30  13  12  0    36  10  10  0    24  7   13  0    
15    42    77    40    36    71    40    6858    3     24  8   18  0    14  15  10  0    31  7   6   0    
16    41    28    40    15    53    40    10488   2     17  10  12  0    13  7   16  0    
17    38    74    40    43    75    40    10448   2     23  15  16  0    32  11  14  0    
18    41    22    40    39    25    40    3471    2     13  13  13  1    14  7   13  1    
19    14    51    40    42    69    40    30744   3     36  13  8   0    33  6   10  0    29  12  13  1    
20    41    78    40    23    47    40    6902    1     29  14  17  0    
21    40    77    40    54    48    40    3510    1     26  15  9   1    
22    24    48    40    60    57    40    31356   3     28  15  12  0    20  11  18  0    22  11  6   0    
23    54    49    40    21    46    40    3524    2     31  14  6   0    23  5   8   0    
24    63    47    40    41    29    40    10270   3     19  15  17  0    25  7   7   0    25  12  14  1    
25    55    47    40    35    19    40    10260   1     19  12  15  0    
26    35    24    40    42    32    40    7020    2     28  6   15  0    20  15  15  1    
27    15    56    40    46    82    40    6955    2     31  13  10  0    25  9   13  0    
28    22    46    40    46    71    40    20754   3     21  7   14  0    27  7   9   0    27  13  9   1    
29    44    80    40    67    48    40    6970    2     30  11  16  0    26  5   13  1    
30    47    24    40    19    53    40    3420    1     19  12  15  1    
31    40    72    40    55    46    40    31221   3     31  9   18  0    29  10  15  0    23  5   9   0    
32    24    50    40    39    32    40    3540    2     15  6   6   0    25  8   15  1    
33    39    69    40    24    45    40    6885    1     27  15  17  0    
34    67    46    40    14    52    40    10416   2     22  13  7   0    15  14  7   0    
35    27    46    40    54    52    40    13670   2     33  15  18  0    28  10  17  0    
36    35    25    40    36    81    40    3468    2     24  8   8   0    23  12  7   1    
37    64    52    40    22    57    40    10608   2     21  12  8   0    19  8   10  0    
38    59    56    40    35    29    40    7072    1     34  13  16  0    
39    43    72    40    34    72    40    7056    2     32  14  9   0    36  7   12  1    
40    46    27    40    64    44    40    10374   2     31  13  6   1    13  10  8   1    
41    37    28    40    38    77    40    6804    1     27  14  18  0    
42    34    71    40    18    45    40    6844    3     24  9   16  0    28  9   8   0    14  7   14  1    
43    38    31    40    39    75    40    20529   3     24  15  7   0    33  5   15  0    21  11  8   1    
44    39    82    40    19    52    40    6865    2     22  12  10  0    25  13  13  1    
45    35    20    40    17    54    40    10244   3     29  15  17  0    31  5   11  0    13  8   11  0    
46    35    79    40    23    46    40    20649   3     32  13  8   0    15  12  6   0    25  9   11  1    
47    16    45    40    45    82    40    6790    2     29  14  9   0    14  14  16  0    
48    19    51    40    38    21    40    3420    1     19  12  15  0    
49    56    54    40    39    26    40    10551   2     17  7   18  0    25  5   11  1    
50    46    26    40    60    46    40    3480    1     29  10  12  1    
51    25    46    40    24    53    40    3470    2     22  5   7   0    20  15  9   1    
52    63    45    40    47    30    40    20769   3     21  11  13  0    23  8   14  0    32  7   6   0    
53    42    76    40    47    76    40    3444    2     18  14  8   0    17  14  6   0    
54    44    69    40    58    50    40    10489   2     34  11  17  0    27  9   17  0    
55    55    50    40    60    50    40    20505   3     23  9   13  0    20  7   12  0    14  11  16  1    
56    63    57    40    37    81    40    3388    1     22  11  14  0    
57    59    44    40    41    20    40    10268   2     34  13  13  0    19  14  17  0    
58    42    27    40    26    49    40    10206   1     27  14  9   1    
59    17    50    40    16    56    40    6983    3     12  5   12  0    35  11  11  1    12  13  13  1    
60    42    80    40    62    49    40    6863    3     16  13  14  0    23  9   13  0    12  15  7   1    
61    40    78    40    26    50    40    20967   3     18  10  16  0    23  13  7   0    36  7   8   0    
62    44    23    40    16    53    40    3528    1     28  9   14  0    
63    40    29    40    40    25    40    3536    1     17  13  16  1    
64    42    74    40    46    80    40    31185   2     35  15  16  0    19  15  7   1    
65    66    52    40    67    52    40    6851    1     31  13  17  0    
66    25    48    40    17    56    40    3542    1     23  14  11  0    
67    40    23    40    67    57    40    20952   2     31  6   12  0    33  12  12  1    
68    38    82    40    42    79    40    3500    2     20  7   17  0    20  7   8   0    
69    14    56    40    17    44    40    3456    1     24  12  12  1    
70    47    23    40    45    25    40    31626   2     33  14  13  0    21  12  18  1    
71    59    46    40    42    72    40    3458    2     21  11  8   0    23  10  7   0    
72    41    71    40    56    50    40    6819    3     25  5   8   0    17  9   6   0    29  13  13  1    
73    62    48    40    37    69    40    10380   2     23  10  8   0    27  6   10  0    
74    47    75    40    56    47    40    6800    3     32  9   15  0    19  5   10  0    17  9   10  1    
75    42    25    40    56    46    40    3460    2     12  10  16  0    14  11  10  0    
