7     75    45000 60    25    30   
0     40    50    0     40    50    1236  0     
1     15    50    40    66    70    40    21087   2     17  9   13  0    28  10  18  1    
2     12    52    40    69    82    40    10426   2     26  12  15  0    26  13  17  1    
3     71    50    40    11    25    40    3465    1     21  11  15  0    
4     9     59    40    16    69    40    21078   3     34  14  6   0    26  5   17  0    14  14  10  0    
5     23    55    40    9     76    40    3536    1     26  8   17  0    
6     36    27    40    57    80    40    14142   2     35  15  18  0    23  12  17  0    
7     9     43    40    9     20    40    20952   3     27  14  12  0    24  6   9   0    16  6   12  1    
8     61    54    40    60    19    40    6772    3     14  13  18  0    16  7   13  0    12  10  17  1    
9     42    74    40    62    80    40    3510    1     30  13  9   1    
10    21    43    40    69    34    40    21060   1     36  13  15  1    
11    10    55    40    65    83    40    3388    1     28  11  11  1    
12    32    22    40    58    26    40    7024    3     23  12  18  0    13  5   6   0    14  7   17  1    
13    48    26    40    13    73    40    30720   2     32  5   15  0    35  14  16  1    
14    64    50    40    21    80    40    7056    3     28  9   12  0    32  13  7   0    16  10  7   0    
15    40    26    40    64    80    40    3480    1     29  12  10  0    
16    15    58    40    71    21    40    31953   2     27  15  15  0    22  13  16  1    
17    40    35    40    9     70    40    3392    2     24  7   14  0    13  10  8   0    
18    36    83    40    14    30    40    10212   2     32  12  18  0    30  10  11  0    
19    64    44    40    64    24    40    20652   3     19  13  13  0    31  8   11  1    15  7   9   1    
20    47    20    40    12    22    40    6825    3     25  9   11  0    13  14  15  1    18  10  9   1    
21    21    44    40    60    67    40    3496    2     12  10  17  0    14  8   13  0    
22    21    55    40    60    31    40    30798   3     34  12  17  0    27  10  11  0    12  5   6   0    
23    49    24    40    24    26    40    3437    2     13  7   7   0    25  8   14  1    
24    23    42    40    21    74    40    7048    3     22  8   15  0    33  8   7   0    16  10  16  1    
25    48    23    40    60    26    40    21216   1     34  13  16  0    
26    42    70    40    10    19    40    7090    2     26  13  17  0    14  6   16  0    
27    68    56    40    64    71    40    3419    2     31  8   7   0    17  11  9   0    
28    63    47    40    62    70    40    20790   3     15  15  11  0    27  10  9   0    15  15  9   1    
29    47    80    40    67    72    40    10292   3     26  15  13  0    26  14  8   0    35  11  6   1    
30    12    46    40    56    72    40    3465    1     33  15  7   0    
31    45    33    40    64    26    40    20475   1     35  15  13  0    
32    40    20    40    22    25    40    10272   2     36  14  18  0    24  5   10  0    
33    25    59    40    68    76    40    3458    2     21  8   11  0    23  7   10  0    
34    8     48    40    20    83    40    10560   1     20  11  16  0    
35    44    74    40    63    34    40    7080    2     33  10  13  0    31  6   15  0    
36    25    52    40    10    67    40    6936    1     34  12  17  0    
37    23    46    40    56    67    40    20925   1     31  15  15  1    
38    62    47    40    20    21    40    3509    1     29  11  11  0    
39    49    32    40    69    66    40    6801    3     15  13  7   0    36  5   17  1    22  12  9   1    
40    57    52    40    13    32    40    20358   1     29  13  18  0    
41    61    49    40    17    73    40    6912    1     36  12  16  1    
42    63    43    40    56    23    40    14156   2     29  14  17  0    31  13  18  1    
43    36    25    40    25    72    40    20496   2     18  14  17  0    14  14  13  1    
44    64    48    40    58    24    40    7092    3     22  9   15  0    18  9   12  0    33  11  6   1    
45    14    54    40    12    66    40    3500    1     35  10  10  1    
46    57    59    40    17    29    40    10260   2     25  9   6   0    23  5   18  1    
47    39    83    40    13    23    40    3480    1     29  15  8   0    
48    33    21    40    65    25    40    7045    3     25  9   13  0    30  14  6   0    25  8   8   0    
49    35    83    40    67    18    40    10347   2     27  5   13  0    22  11  7   0    
50    9     57    40    16    19    40    6912    2     18  14  16  0    24  8   15  1    
51    32    80    40    17    21    40    3402    1     27  14  9   0    
52    47    82    40    16    72    40    10248   2     15  14  12  0    16  7   8   1    
53    41    79    40    11    21    40    6820    3     14  11  16  0    18  12  11  0    22  6   15  0    
54    10    54    40    10    78    40    3525    2     33  5   14  0    15  9   9   0    
55    39    31    40    66    81    40    30996   3     22  14  15  0    35  12  11  0    13  7   12  1    
56    66    53    40    65    24    40    3542    2     33  9   6   0    20  8   11  0    
57    71    54    40    24    34    40    3534    2     33  10  7   0    17  12  6   1    
58    46    66    40    67    21    40    21279   3     15  10  17  0    14  11  16  0    27  11  7   1    
59    71    48    40    25    83    40    10145   3     31  14  17  0    28  8   8   0    13  5   15  0    
60    38    25    40    62    18    40    6825    1     35  13  15  0    
61    33    24    40    64    70    40    10590   2     34  5   14  0    23  5   10  0    
62    39    73    40    24    82    40    3546    2     13  10  9   0    18  11  12  1    
63    38    33    40    23    68    40    6792    3     24  12  16  0    28  6   7   0    14  6   12  1    
64    48    67    40    72    68    40    21198   2     32  14  13  0    23  9   6   1    
65    39    66    40    13    67    40    3549    2     19  7   9   0    28  6   14  1    
66    35    68    40    68    74    40    3402    1     21  9   18  0    
67    32    70    40    9     78    40    20442   3     18  13  11  0    16  9   15  0    32  5   13  0    
68    69    50    40    66    28    40    7072    1     32  13  17  0    
69    61    52    40    25    33    40    3393    1     29  13  9   0    
70    59    47    40    67    77    40    10368   2     24  6   6   0    12  12  18  1    
71    38    67    40    22    68    40    3520    1     32  11  10  0    
72    60    55    40    68    22    40    7020    3     27  10  18  0    32  6   6   0    18  7   8   0    
73    40    76    40    19    18    40    30954   3     32  12  12  0    29  15  10  0    17  5   16  0    
74    38    20    40    14    26    40    10284   3     34  13  12  0    20  13  15  0    12  10  9   0    
75    37    83    40    24    25    40    3402    2     13  9   16  0    17  9   10  0    
