7     75    45000 60    25    30   
0     40    50    0     40    50    1236  0     
1     24    45    40    13    33    40    31770   3     27  14  11  0    36  15  7   0    17  13  12  0    
2     40    79    40    69    26    40    3384    2     15  15  8   0    33  8   6   0    
3     45    25    40    10    68    40    6850    3     31  5   14  0    16  9   13  0    13  12  18  1    
4     14    42    40    12    81    40    10296   1     33  13  8   0    
5     14    48    40    72    33    40    13770   2     33  15  18  0    36  9   15  0    
6     42    34    40    22    76    40    7065    2     33  12  15  0    15  5   15  0    
7     49    67    40    20    34    40    20352   3     25  5   12  0    20  5   10  0    34  9   14  1    
8     35    32    40    23    72    40    3468    1     34  6   17  0    
9     32    80    40    23    23    40    3500    1     35  10  10  1    
10    44    74    40    17    67    40    10530   1     27  10  13  0    
11    16    46    40    11    33    40    7088    2     34  10  11  0    31  12  9   0    
12    49    26    40    68    69    40    3520    1     32  10  11  0    
13    42    35    40    64    80    40    10497   2     25  7   13  0    17  8   9   1    
14    34    29    40    63    26    40    10464   3     30  13  12  0    36  10  10  0    24  7   13  0    
15    40    73    40    11    83    40    6858    3     24  8   18  0    14  15  10  0    31  7   6   0    
16    69    59    40    60    28    40    10488   2     17  10  12  0    13  7   16  0    
17    36    71    40    67    71    40    10448   2     23  15  16  0    32  11  14  0    
18    16    51    40    65    68    40    3471    2     13  13  13  1    14  7   13  1    
19    35    66    40    14    26    40    30744   3     36  13  8   0    33  6   10  0    29  12  13  1    
20    44    81    40    69    67    40    6902    1     29  14  17  0    
21    60    48    40    21    30    40    3510    1     26  15  9   1    
22    57    58    40    24    35    40    31356   3     28  15  12  0    20  11  18  0    22  11  6   0    
23    21    57    40    21    21    40    3524    2     31  14  6   0    23  5   8   0    
24    43    19    40    15    29    40    10270   3     19  15  17  0    25  7   7   0    25  12  14  1    
25    43    34    40    19    18    40    10260   1     19  12  15  0    
26    43    18    40    64    35    40    7020    2     28  6   15  0    20  15  15  1    
27    42    68    40    69    24    40    6955    2     31  13  10  0    25  9   13  0    
28    60    42    40    12    21    40    20754   3     21  7   14  0    27  7   9   0    27  13  9   1    
29    38    29    40    12    72    40    6970    2     30  11  16  0    26  5   13  1    
30    32    25    40    10    26    40    3420    1     19  12  15  1    
31    37    21    40    73    79    40    31221   3     31  9   18  0    29  10  15  0    23  5   9   0    
32    60    43    40    16    23    40    3540    2     15  6   6   0    25  8   15  1    
33    45    27    40    57    79    40    6885    1     27  15  17  0    
34    38    73    40    68    78    40    10416   2     22  13  7   0    15  14  7   0    
35    68    58    40    73    73    40    13670   2     33  15  18  0    28  10  17  0    
36    49    29    40    70    83    40    3468    2     24  8   8   0    23  12  7   1    
37    71    53    40    56    30    40    10608   2     21  12  8   0    19  8   10  0    
38    12    42    40    24    83    40    7072    1     34  13  16  0    
39    63    46    40    62    33    40    7056    2     32  14  9   0    36  7   12  1    
40    8     54    40    69    33    40    10374   2     31  13  6   1    13  10  8   1    
41    56    54    40    24    75    40    6804    1     27  14  18  0    
42    69    53    40    61    76    40    6844    3     24  9   16  0    28  9   8   0    14  7   14  1    
43    64    47    40    67    72    40    20529   3     24  15  7   0    33  5   15  0    21  11  8   1    
44    10    55    40    15    68    40    6865    2     22  12  10  0    25  13  13  1    
45    56    45    40    18    81    40    10244   3     29  15  17  0    31  5   11  0    13  8   11  0    
46    10    49    40    25    25    40    20649   3     32  13  8   0    15  12  6   0    25  9   11  1    
47    69    58    40    58    26    40    6790    2     29  14  9   0    14  14  16  0    
48    21    44    40    13    21    40    3420    1     19  12  15  0    
49    45    26    40    16    83    40    10551   2     17  7   18  0    25  5   11  1    
50    40    66    40    64    67    40    3480    1     29  10  12  1    
51    9     44    40    13    73    40    3470    2     22  5   7   0    20  15  9   1    
52    16    55    40    66    80    40    20769   3     21  11  13  0    23  8   14  0    32  7   6   0    
53    58    55    40    64    19    40    3444    2     18  14  8   0    17  14  6   0    
54    65    44    40    59    72    40    10489   2     34  11  17  0    27  9   17  0    
55    12    43    40    61    74    40    20505   3     23  9   13  0    20  7   12  0    14  11  16  1    
56    21    50    40    67    32    40    3388    1     22  11  14  0    
57    47    27    40    56    19    40    10268   2     34  13  13  0    19  14  17  0    
58    48    78    40    67    28    40    10206   1     27  14  9   1    
59    64    58    40    65    28    40    6983    3     12  5   12  0    35  11  11  1    12  13  13  1    
60    40    78    40    73    28    40    6863    3     16  13  14  0    23  9   13  0    12  15  7   1    
61    32    81    40    10    81    40    20967   3     18  10  16  0    23  13  7   0    36  7   8   0    
62    58    50    40    8     18    40    3528    1     28  9   14  0    
63    45    20    40    11    30    40    3536    1     17  13  16  1    
64    12    48    40    57    68    40    31185   2     35  15  16  0    19  15  7   1    
65    39    66    40    25    32    40    6851    1     31  13  17  0    
66    72    59    40    14    72    40    3542    1     23  14  11  0    
67    17    52    40    67    25    40    20952   2     31  6   12  0    33  12  12  1    
68    36    77    40    22    66    40    3500    2     20  7   17  0    20  7   8   0    
69    20    49    40    17    20    40    3456    1     24  12  12  1    
70    60    50    40    73    77    40    31626   2     33  14  13  0    21  12  18  1    
71    38    66    40    17    74    40    3458    2     21  11  8   0    23  10  7   0    
72    38    26    40    63    72    40    6819    3     25  5   8   0    17  9   6   0    29  13  13  1    
73    40    68    40    57    27    40    10380   2     23  10  8   0    27  6   10  0    
74    32    73    40    20    78    40    6800    3     32  9   15  0    19  5   10  0    17  9   10  1    
75    11    43    40    13    74    40    3460    2     12  10  16  0    14  11  10  0    
