7     75    45000 60    25    30   
0     40    50    0     40    50    1236  0     
1     72    56    40    18    19    40    20412   1     27  14  18  0    
2     39    28    40    63    69    40    10520   2     30  15  18  1    22  10  11  1    
3     48    71    40    56    69    40    3432    1     26  12  11  0    
4     34    30    40    9     75    40    20844   3     23  13  12  0    20  7   8   0    35  8   8   1    
5     37    21    40    24    71    40    3388    1     28  11  11  0    
6     65    55    40    66    25    40    13680   2     36  15  18  0    24  15  11  0    
7     41    83    40    9     66    40    21162   3     33  8   11  0    34  5   16  0    13  11  10  1    
8     42    20    40    70    21    40    6900    3     20  9   17  0    19  12  10  0    12  10  13  0    
9     37    27    40    24    30    40    3528    2     12  14  12  1    36  6   7   1    
10    35    34    40    62    68    40    10638   2     31  6   11  0    15  10  10  0    
11    35    71    40    67    26    40    6828    2     36  10  12  0    19  12  11  1    
12    64    55    40    69    25    40    3456    1     32  12  9   1    
13    46    27    40    61    26    40    31020   3     24  12  17  0    26  11  14  0    15  8   12  1    
14    12    48    40    66    33    40    6808    2     25  11  8   0    32  12  12  1    
15    44    34    40    62    31    40    10509   3     35  15  12  0    34  6   16  0    21  5   9   1    
16    62    56    40    72    71    40    10248   2     32  7   10  0    12  14  7   1    
17    40    76    40    22    73    40    6902    1     29  14  17  0    
18    40    78    40    19    26    40    10640   3     31  14  15  0    26  10  7   0    33  10  7   1    
19    72    53    40    12    80    40    10341   2     13  11  15  0    31  7   6   0    
20    40    81    40    8     26    40    7072    1     32  13  17  0    
21    14    47    40    25    67    40    6852    3     32  13  12  0    12  10  10  0    22  5   6   0    
22    40    28    40    57    72    40    10368   1     36  12  8   1    
23    15    57    40    8     21    40    10422   3     31  10  18  0    30  15  9   0    22  6   6   0    
24    32    27    40    12    22    40    3518    2     19  12  8   0    14  11  11  0    
25    73    57    40    56    23    40    20553   1     31  13  17  1    
26    32    81    40    25    29    40    10440   2     33  12  14  0    34  8   18  0    
27    32    76    40    11    67    40    3456    1     24  12  12  1    
28    16    43    40    21    22    40    10557   1     23  9   17  0    
29    19    42    40    72    35    40    6978    3     36  15  6   0    26  13  6   0    19  5   18  0    
30    40    74    40    66    78    40    6936    1     34  12  17  0    
31    37    75    40    68    68    40    20676   3     19  14  10  0    15  6   10  0    17  14  14  1    
32    13    52    40    21    72    40    10512   3     30  14  13  0    30  12  11  0    13  14  6   0    
33    60    54    40    66    73    40    6916    2     18  14  15  0    16  14  14  0    
34    59    52    40    59    23    40    10614   2     29  6   7   0    29  8   10  1    
35    18    46    40    60    80    40    10191   3     33  7   17  0    35  8   12  0    33  8   11  0    
36    61    57    40    10    32    40    3468    2     28  7   12  0    31  6   6   0    
37    61    44    40    16    19    40    21216   1     32  13  17  0    
38    19    59    40    11    70    40    3441    2     33  5   13  0    27  6   8   0    
39    36    80    40    71    72    40    3416    2     25  7   10  0    17  7   14  0    
40    61    53    40    62    72    40    30816   2     28  8   18  0    32  13  15  1    
41    63    57    40    73    19    40    13674   3     33  10  17  0    24  15  12  0    32  13  9   0    
42    46    28    40    65    83    40    3451    1     29  7   17  1    
43    43    79    40    19    78    40    10608   1     34  8   13  1    
44    49    25    40    16    71    40    7095    3     15  14  7   0    13  5   9   0    21  15  16  1    
45    12    44    40    12    29    40    7000    2     17  14  10  0    33  10  14  1    
46    19    49    40    72    70    40    20736   2     24  12  15  0    27  12  8   0    
47    43    74    40    66    19    40    7044    2     17  8   17  0    26  14  13  1    
48    38    34    40    8     28    40    7032    3     25  10  12  0    18  10  14  0    14  9   12  1    
49    42    69    40    12    26    40    20868   3     22  7   18  0    29  8   14  1    26  6   6   1    
50    35    30    40    56    79    40    6824    3     32  9   10  0    28  6   13  0    22  8   10  0    
51    57    46    40    58    82    40    10310   3     25  13  18  0    19  14  10  0    15  8   15  0    
52    47    77    40    12    19    40    30882   3     24  11  15  0    23  14  7   0    34  10  12  1    
53    73    43    40    68    67    40    3536    1     17  13  16  0    
54    45    67    40    16    69    40    6900    2     34  12  14  0    18  11  6   0    
55    14    56    40    69    23    40    10626   1     23  14  11  0    
56    17    59    40    69    73    40    3448    2     19  8   17  0    16  6   9   1    
57    48    32    40    64    27    40    3432    2     26  15  6   0    26  6   7   0    
58    35    26    40    15    77    40    31590   2     36  15  12  0    30  15  9   0    
59    66    50    40    62    19    40    3412    2     23  11  10  0    21  6   7   0    
60    16    50    40    71    81    40    3528    2     18  7   18  0    18  10  7   0    
61    10    51    40    23    69    40    10368   2     18  15  8   0    36  6   6   0    
62    16    51    40    22    30    40    7023    2     31  12  13  0    27  9   9   0    
63    14    55    40    15    69    40    6912    1     36  12  16  1    
64    35    31    40    19    33    40    31707   3     12  6   17  0    34  14  15  1    21  7   15  1    
65    58    49    40    67    21    40    6752    3     14  12  16  0    32  5   15  0    16  13  8   0    
66    23    57    40    21    26    40    3528    1     28  14  9   0    
67    68    46    40    13    79    40    10206   2     21  9   14  0    12  9   7   0    
68    45    73    40    24    26    40    7095    3     19  15  9   0    25  11  6   0    16  15  12  1    
69    40    72    40    22    77    40    7028    2     20  14  17  0    36  7   9   0    
70    68    45    40    65    22    40    20358   1     29  13  18  0    
71    24    56    40    25    76    40    3520    1     32  11  10  1    
72    38    33    40    22    25    40    6932    2     26  14  14  0    34  6   9   1    
73    71    42    40    71    76    40    10374   1     19  13  14  1    
74    39    71    40    56    34    40    3432    1     33  13  8   0    
75    13    50    40    10    73    40    3456    2     12  12  14  0    20  6   12  1    
