10    106   45000 60    25    30   
0     70    70    0     70    70    1351  0     
1     72    39    40    36    37    40    31806   4     30  11  10  0    25  10  12  1    23  14  9   1    26  6   9   1    
2     105   71    40    104   110   40    3388    1     22  11  14  1    
3     109   74    40    113   32    40    6828    3     18  11  12  0    24  12  7   0    29  14  6   1    
4     99    78    40    110   103   40    10296   1     24  13  11  1    
5     110   66    40    30    104   40    13794   5     22  12  15  0    34  9   9   0    18  12  10  0    12  14  15  1    30  10  8   1    
6     77    42    40    105   36    40    7068    4     31  10  12  0    30  7   8   0    13  12  7   0    12  8   6   0    
7     75    100   40    27    107   40    20352   5     13  9   14  0    16  8   8   0    12  8   7   0    13  15  14  1    20  6   6   1    
8     76    40    40    110   105   40    3465    1     35  11  9   1    
9     34    62    40    115   114   40    3504    2     30  10  10  0    14  6   6   0    
10    76    28    40    100   99    40    10557   2     22  9   13  0    21  5   9   0    
11    30    79    40    42    31    40    7064    4     22  8   15  0    16  8   16  0    25  7   6   0    13  6   17  1    
12    106   75    40    111   34    40    3510    1     26  15  9   1    
13    26    76    40    104   40    40    10500   1     25  14  10  0    
14    39    70    40    34    115   40    10444   4     17  12  16  0    15  12  9   0    18  5   17  0    31  13  10  1    
15    75    103   40    115   110   40    6858    3     31  6   9   0    14  12  9   0    18  12  17  1    
16    109   65    40    33    40    40    10440   1     29  12  10  0    
17    111   65    40    98    100   40    10457   5     29  10  11  0    34  10  7   0    16  7   6   0    25  9   15  1    21  5   8   1    
18    67    32    40    28    34    40    3471    2     13  15  13  0    13  12  6   0    
19    79    42    40    98    34    40    30753   4     27  9   17  0    18  10  15  0    19  5   18  0    19  9   10  0    
20    67    113   40    35    34    40    6874    5     34  13  7   0    21  14  6   0    12  12  6   0    12  6   9   0    12  6   7   0    
21    111   70    40    112   43    40    3519    2     27  9   13  0    12  5   6   1    
22    108   78    40    26    111   40    31266   5     28  12  7   0    23  14  7   0    31  8   7   0    14  12  10  0    16  10  15  1    
23    68    39    40    103   38    40    3515    2     28  5   16  0    15  5   17  0    
24    101   76    40    43    26    40    10286   4     18  14  17  0    19  14  7   0    30  5   15  1    14  9   15  1    
25    103   73    40    29    106   40    10248   2     16  14  10  0    14  6   14  0    
26    102   78    40    101   108   40    7018    5     12  9   18  0    13  5   18  0    13  6   13  0    36  5   11  1    26  5   7   1    
27    62    39    40    113   99    40    6967    3     28  8   17  0    26  6   9   0    13  15  9   1    
28    70    38    40    37    98    40    20760   3     35  10  8   0    18  15  8   0    35  8   7   0    
29    75    115   40    100   29    40    6998    5     15  6   10  0    19  6   7   0    12  5   10  0    34  14  7   1    19  9   8   1    
30    63    34    40    110   34    40    3430    1     35  7   14  0    
31    63    110   40    38    29    40    31233   4     36  11  11  0    36  8   10  1    35  5   13  1    15  6   10  1    
32    38    66    40    34    27    40    3536    1     26  8   17  0    
33    64    40    40    37    103   40    6874    5     17  5   16  0    23  5   10  0    14  5   16  0    22  8   14  1    13  6   10  1    
34    70    98    40    104   104   40    10395   2     12  11  15  0    33  5   9   0    
35    42    69    40    105   39    40    13721   5     17  9   9   0    16  5   9   0    31  13  15  1    29  15  9   1    26  8   8   1    
36    103   63    40    100   110   40    3468    2     22  14  6   0    18  5   18  0    
37    108   73    40    33    104   40    10620   2     20  11  11  0    14  5   16  0    
38    66    115   40    115   105   40    7044    3     21  13  15  0    17  13  9   1    12  5   16  1    
39    36    64    40    104   43    40    7085    3     26  15  8   0    25  8   7   0    19  9   15  1    
40    41    69    40    106   114   40    10368   1     24  8   18  0    
41    69    27    40    43    104   40    6810    3     26  5   6   0    23  9   18  1    16  12  12  1    
42    111   79    40    32    107   40    6850    5     27  5   18  0    21  8   10  0    13  10  10  0    12  13  6   0    14  6   6   0    
43    104   79    40    33    102   40    20508   5     13  13  14  0    28  5   12  0    18  5   10  0    21  6   7   0    16  7   9   1    
44    104   75    40    108   41    40    6876    3     26  6   6   0    25  12  14  1    29  5   12  1    
45    30    67    40    99    109   40    10252   5     12  13  16  0    35  11  6   0    28  11  6   0    14  7   11  0    15  14  12  1    
46    69    37    40    41    43    40    20688   5     14  15  8   0    17  6   15  0    12  15  6   0    16  7   8   0    19  6   15  1    
47    35    74    40    99    115   40    6807    5     14  6   18  0    17  9   9   0    21  9   6   0    16  7   6   0    33  8   8   1    
48    70    114   40    34    30    40    3410    1     31  11  10  1    
49    33    63    40    35    27    40    10530   2     18  5   15  0    36  6   10  1    
50    41    73    40    37    100   40    3474    2     21  6   7   0    18  8   18  1    
51    106   63    40    105   40    40    3472    1     31  8   14  1    
52    71    35    40    29    110   40    20727   5     16  8   14  0    21  14  6   0    13  15  7   0    12  13  7   1    16  7   8   1    
53    69    101   40    114   42    40    3446    2     21  5   6   0    32  11  8   1    
54    31    76    40    34    107   40    10495   4     16  14  18  0    25  15  9   0    18  12  8   0    17  8   10  0    
55    33    75    40    28    40    40    20496   3     35  10  8   0    12  8   13  0    29  6   16  1    
56    112   69    40    37    35    40    3388    1     28  11  11  0    
57    79    102   40    115   103   40    10295   5     29  11  9   0    32  7   10  0    12  9   17  0    30  6   9   0    36  6   8   1    
58    41    70    40    114   32    40    10224   2     26  6   14  0    34  6   6   0    
59    76    41    40    30    107   40    6968    5     18  12  9   0    29  6   11  0    17  11  8   0    21  6   9   0    12  5   8   0    
60    77    105   40    98    98    40    6880    3     23  11  16  0    12  10  14  0    12  6   16  0    
61    75    36    40    30    37    40    20946   3     23  10  14  0    21  11  6   0    22  9   12  1    
62    63    99    40    32    32    40    3536    1     26  8   17  0    
63    104   69    40    107   98    40    3549    1     21  13  13  0    
64    78    100   40    106   36    40    31083   5     22  9   16  0    30  6   17  0    21  13  6   0    26  5   12  0    17  5   11  0    
65    70    28    40    35    26    40    6846    5     28  9   8   0    20  9   10  0    14  10  12  0    29  5   6   0    12  5   8   0    
66    34    72    40    113   41    40    3536    1     34  8   13  0    
67    113   76    40    40    101   40    21021   3     31  11  7   0    30  7   9   0    14  15  13  1    
68    74    101   40    26    112   40    3504    2     31  14  6   0    15  5   12  0    
69    33    70    40    101   106   40    3456    1     32  9   12  1    
70    29    70    40    36    34    40    31530   5     34  14  8   0    26  8   16  0    17  7   6   0    17  7   12  1    16  11  7   1    
71    75    33    40    110   42    40    3472    1     31  14  8   0    
72    69    106   40    114   33    40    6848    4     36  10  11  0    28  6   6   0    14  5   14  0    12  5   15  0    
73    35    66    40    34    31    40    10374   2     18  9   13  0    13  13  8   0    
74    109   70    40    36    111   40    6809    4     27  7   7   0    14  12  7   0    19  14  10  1    15  11  10  1    
75    67    107   40    34    100   40    3464    2     20  13  6   0    17  7   16  1    
76    38    65    40    28    31    40    20406   3     35  6   15  0    28  14  6   0    13  10  10  0    
77    111   75    40    98    107   40    7046    5     28  9   9   0    17  10  9   0    16  12  7   0    24  7   6   0    14  8   8   0    
78    63    28    40    34    111   40    6840    3     19  8   18  0    24  15  7   0    12  12  11  0    
79    68    105   40    101   37    40    20430   3     29  10  15  0    17  10  10  0    19  5   8   0    
80    72    104   40    40    114   40    3456    1     18  12  16  0    
81    74    39    40    108   112   40    7086    4     27  10  13  0    31  8   6   0    12  12  7   0    18  5   12  1    
82    101   79    40    32    36    40    10626   1     23  11  14  0    
83    39    71    40    28    35    40    10212   4     19  13  16  0    36  7   12  0    13  11  12  0    19  10  8   1    
84    79    103   40    115   34    40    3480    2     34  5   12  0    16  10  9   0    
85    67    111   40    27    103   40    10395   1     35  11  9   0    
86    35    76    40    108   102   40    7065    3     22  7   11  0    29  5   7   0    36  11  11  1    
87    106   66    40    102   106   40    6843    3     33  12  9   0    19  13  9   0    12  11  8   0    
88    99    72    40    104   102   40    10659   1     19  11  17  1    
89    31    77    40    38    34    40    10446   5     19  10  15  0    36  9   7   0    21  13  8   0    27  9   8   0    20  5   12  1    
90    32    73    40    99    106   40    3471    2     21  7   13  0    24  5   13  0    
91    26    73    40    109   34    40    20880   4     36  7   12  0    34  6   8   0    18  13  6   0    20  5   9   1    
92    72    33    40    41    103   40    3432    1     24  11  13  0    
93    74    104   40    105   34    40    3500    1     25  14  10  0    
94    78    29    40    100   112   40    31644   5     23  9   15  0    33  5   12  0    21  13  7   0    19  8   12  0    12  9   16  1    
95    102   65    40    31    102   40    3404    2     28  11  7   0    13  6   16  0    
96    70    108   40    42    114   40    3468    1     34  6   17  1    
97    73    26    40    113   109   40    10608   2     13  8   18  0    13  8   16  0    
98    62    27    40    26    100   40    6975    4     12  14  16  0    13  15  11  0    18  9   7   0    14  12  6   1    
99    76    33    40    98    31    40    6877    5     23  8   7   0    23  5   7   0    16  7   7   0    25  11  12  1    20  5   7   1    
100   77    106   40    38    36    40    21168   5     19  6   18  0    12  12  11  0    12  7   11  0    32  6   7   1    16  8   9   1    
101   64    101   40    37    38    40    3552    2     28  10  6   0    26  6   12  1    
102   73    27    40    107   31    40    7062    4     21  6   11  0    16  6   6   0    25  9   12  1    30  8   10  1    
103   64    100   40    28    36    40    20832   5     33  13  6   0    15  8   17  0    20  5   9   0    12  5   8   0    19  5   10  1    
104   62    112   40    30    27    40    6966    4     18  12  13  0    26  7   10  0    23  7   8   0    35  5   6   0    
105   72    111   40    42    111   40    10156   5     26  15  12  0    29  5   12  0    21  5   13  0    12  11  9   0    13  7   13  0    
106   41    76    40    110   43    40    3474    2     12  9   17  0    18  7   13  0    
