10    106   45000 60    25    30   
0     70    70    0     70    70    1351  0     
1     37    83    40    66    96    40    31764   3     26  14  7   0    24  12  16  1    26  12  11  1    
2     109   65    40    74    95    40    3378    2     15  10  9   0    26  13  6   1    
3     50    35    40    71    71    40    6825    1     35  15  13  1    
4     107   67    40    42    30    40    10296   2     32  10  6   0    28  9   6   0    
5     73    114   40    44    23    40    13760   3     36  13  18  0    14  5   14  0    36  11  11  1    
6     48    25    40    107   87    40    7056    1     36  14  14  0    
7     100   30    40    99    70    40    20259   3     26  13  6   0    12  12  6   0    27  13  11  1    
8     109   34    40    106   51    40    3459    2     30  7   7   0    13  9   17  1    
9     87    119   40    22    88    40    3500    2     14  5   18  0    28  8   10  1    
10    91    89    40    69    101   40    10530   1     30  13  9   0    
11    71    72    40    89    34    40    7056    1     36  14  14  1    
12    71    39    40    120   55    40    3510    2     31  10  9   1    18  5   8   1    
13    113   80    40    42    43    40    10449   2     27  5   16  0    27  7   7   0    
14    60    77    40    54    112   40    10440   2     32  14  15  0    31  8   15  0    
15    47    79    40    51    62    40    6852    3     34  9   11  0    34  7   9   0    14  6   16  0    
16    100   80    40    97    53    40    10440   2     12  10  11  0    30  8   9   1    
17    47    22    40    105   105   40    10422   3     28  12  17  0    34  8   15  0    14  5   9   0    
18    63    60    40    117   100   40    3465    1     33  7   15  0    
19    104   74    40    95    24    40    30726   2     31  12  16  0    26  15  11  0    
20    40    75    40    62    29    40    6872    2     33  8   15  0    32  7   13  1    
21    99    34    40    104   27    40    3504    2     13  8   18  0    34  6   8   0    
22    27    99    40    49    102   40    31230   2     34  15  13  0    27  14  10  0    
23    116   83    40    104   89    40    3510    1     26  9   15  0    
24    48    70    40    108   57    40    10255   2     35  15  15  0    14  10  17  1    
25    114   101   40    115   37    40    10224   2     23  6   11  0    21  9   10  1    
26    77    61    40    76    61    40    7005    3     35  6   16  0    25  6   10  0    33  5   13  1    
27    70    73    40    101   114   40    6934    3     23  8   16  0    22  15  8   0    15  15  6   0    
28    37    32    40    86    42    40    20670   2     35  7   18  0    31  10  8   0    
29    45    115   40    87    41    40    6969    2     21  7   7   0    36  11  15  1    
30    106   65    40    104   20    40    3420    1     19  10  18  0    
31    48    74    40    34    39    40    31158   3     31  10  15  0    27  9   16  0    21  11  8   0    
32    39    100   40    92    36    40    3528    1     18  14  14  0    
33    98    80    40    96    76    40    6869    3     35  13  9   0    16  6   14  0    22  5   13  1    
34    98    101   40    110   21    40    10368   1     36  8   12  0    
35    101   53    40    51    52    40    13659   3     30  15  17  0    31  11  9   0    15  14  14  0    
36    46    40    40    98    78    40    3468    1     17  12  17  0    
37    106   103   40    92    43    40    10584   1     28  7   18  0    
38    43    77    40    76    50    40    7038    3     16  8   17  0    17  5   14  0    34  6   18  1    
39    91    67    40    93    56    40    7056    1     28  14  18  0    
40    63    51    40    71    108   40    10368   2     16  12  11  0    21  8   8   1    
41    100   79    40    112   76    40    6780    3     12  15  15  0    25  9   12  0    23  5   12  1    
42    98    47    40    54    80    40    6840    2     21  13  12  0    33  12  9   1    
43    43    57    40    80    103   40    20430   3     34  15  9   0    16  6   17  0    14  7   6   1    
44    38    70    40    40    101   40    6858    2     17  13  18  0    36  8   10  0    
45    106   57    40    95    103   40    10230   3     24  12  14  0    18  12  18  0    30  7   11  0    
46    39    60    40    97    62    40    20586   2     31  11  14  0    29  12  6   0    
47    52    36    40    119   38    40    6778    2     23  15  10  0    16  13  16  0    
48    108   30    40    51    81    40    3406    2     13  9   18  0    13  10  10  1    
49    116   110   40    45    35    40    10530   2     12  5   6   0    25  14  9   1    
50    72    92    40    102   22    40    3472    1     31  14  8   0    
51    95    111   40    92    108   40    3465    1     33  15  7   0    
52    120   26    40    67    54    40    20700   2     18  14  15  0    30  13  8   0    
53    113   72    40    115   51    40    3435    2     19  5   17  0    13  10  14  1    
54    20    96    40    28    98    40    10444   3     36  13  13  0    27  12  10  0    20  8   7   1    
55    108   97    40    81    70    40    20436   2     26  14  11  0    18  12  13  0    
56    66    20    40    57    119   40    3375    1     25  9   15  0    
57    57    94    40    24    108   40    10263   2     27  11  10  0    33  13  17  1    
58    80    40    40    26    74    40    10200   1     34  10  10  0    
59    62    75    40    66    79    40    6953    2     29  10  17  0    17  7   17  0    
60    103   63    40    37    95    40    6851    1     31  13  17  1    
61    23    59    40    102   46    40    20898   3     18  11  14  0    21  6   7   0    23  12  12  1    
62    47    64    40    38    80    40    3528    2     19  7   14  0    17  14  7   1    
63    113   27    40    55    69    40    3535    2     21  9   15  1    14  5   10  1    
64    71    60    40    91    34    40    31077   3     32  13  12  0    25  13  11  0    16  8   14  0    
65    108   113   40    70    30    40    6818    2     23  14  17  0    12  7   16  0    
66    114   117   40    117   68    40    3528    1     36  14  7   1    
67    38    26    40    94    111   40    20952   2     28  6   18  0    24  11  15  1    
68    106   34    40    41    47    40    3500    2     21  9   10  0    23  7   10  0    
69    76    60    40    44    71    40    3444    2     21  13  8   0    21  6   10  0    
70    41    20    40    106   54    40    31482   3     13  6   7   0    36  9   18  1    21  14  14  1    
71    52    104   40    109   66    40    3458    1     19  14  13  0    
72    57    55    40    116   108   40    6819    3     29  12  9   0    16  12  11  0    25  7   9   1    
73    94    76    40    78    87    40    10374   1     19  13  14  1    
74    90    109   40    47    48    40    6791    3     20  7   17  0    33  14  8   1    13  5   11  1    
75    115   60    40    27    120   40    3456    1     27  8   16  0    
76    78    55    40    44    81    40    20355   3     21  12  17  0    30  5   10  0    13  11  7   0    
77    89    79    40    117   55    40    7020    1     36  15  13  0    
78    40    98    40    49    43    40    6810    3     33  10  16  0    14  9   7   0    12  9   6   1    
79    108   69    40    28    106   40    20400   3     32  8   14  0    17  12  14  0    12  5   6   0    
80    46    107   40    67    27    40    3456    1     32  9   12  0    
81    94    21    40    112   91    40    7056    1     36  14  14  1    
82    63    25    40    70    92    40    10626   1     23  11  14  0    
83    114   115   40    72    111   40    10179   2     36  15  13  0    27  13  9   1    
84    42    99    40    62    22    40    3480    2     27  6   15  0    25  7   6   0    
85    27    43    40    31    21    40    10395   1     21  15  11  0    
86    80    28    40    78    39    40    7056    1     28  14  18  1    
87    55    22    40    60    75    40    6834    3     36  10  15  0    27  5   6   0    13  6   8   0    
88    59    65    40    89    60    40    10608   1     34  13  8   0    
89    56    36    40    32    91    40    10406   3     22  10  14  0    34  9   7   0    36  9   16  1    
90    73    85    40    23    56    40    3462    2     31  9   10  0    12  8   7   0    
91    43    28    40    81    65    40    20790   1     33  15  14  0    
92    75    115   40    55    76    40    3424    2     25  8   11  0    12  6   17  0    
93    89    83    40    35    53    40    3498    2     25  15  6   0    26  8   6   0    
94    94    95    40    77    113   40    31617   3     24  13  16  0    19  9   17  0    24  10  11  1    
95    82    35    40    77    53    40    3402    2     33  10  7   0    26  7   6   0    
96    49    114   40    91    42    40    3456    2     21  5   18  1    29  6   9   1    
97    55    99    40    51    104   40    10602   2     32  9   7   0    23  11  6   0    
98    109   28    40    85    59    40    6958    3     27  6   15  0    16  8   16  0    31  5   16  1    
99    83    115   40    98    57    40    6860    1     35  14  14  0    
100   97    71    40    53    88    40    21165   3     26  9   18  0    17  7   13  0    18  12  6   0    
101   118   46    40    120   92    40    3540    2     14  15  10  0    24  10  6   0    
102   49    106   40    102   49    40    7044    2     36  5   13  0    21  14  16  1    
103   34    89    40    79    92    40    20778   3     33  6   10  0    30  10  6   0    26  11  11  1    
104   65    74    40    34    97    40    6952    3     12  10  18  0    30  5   12  0    16  11  17  1    
105   67    57    40    98    76    40    10138   2     34  11  17  0    27  10  14  0    
106   100   55    40    25    69    40    3472    2     12  12  13  0    20  10  8   0    
