50 200 1
0	70	70	0	0	1351	0	0	0
1	33	78	20	672	887	0	0	211	33	78	672	887	90	
2	10	137	30	110	256	90	0	88	8	138	191	360	90	
3	4	28	10	442	836	90	0	165	19	39	683	903	90	
4	25	26	20	81	226	90	0	128	22	22	450	593	90	
5	86	37	10	475	535	90	0	122	84	36	502	692	90	
6	6	135	40	296	442	0	0	202	6	135	296	442	90	
7	32	79	20	660	716	90	0	99	34	79	811	931	90	
8	24	26	20	127	363	90	0	167	30	24	601	820	90	
9	95	35	10	115	333	90	0	11	86	36	299	528	90	
10	99	112	20	854	902	90	0	198	101	107	1038	1090	90	
11	8	124	10	200	328	90	0	185	5	119	350	558	90	
12	85	106	20	165	274	90	0	192	87	108	193	432	90	
13	103	69	30	33	291	90	0	80	113	71	169	458	90	
14	109	131	20	72	107	90	0	75	119	136	317	400	90	
15	43	140	10	333	547	90	0	16	36	135	485	782	90	
16	115	134	30	148	190	90	0	145	122	131	529	741	90	
17	112	67	10	444	552	90	0	77	110	66	561	798	90	
18	93	75	30	38	378	90	0	179	91	71	769	949	90	
19	90	104	20	810	945	90	0	149	91	95	1021	1112	90	
20	84	99	20	32	126	90	0	14	100	106	594	599	90	
21	129	9	10	84	223	90	0	174	139	10	713	766	90	
22	17	37	30	475	562	90	0	17	57	59	790	924	90	
23	32	106	10	519	740	0	0	206	32	106	519	740	90	
24	61	59	20	876	1026	90	0	107	64	61	1036	1052	90	
25	104	106	20	326	499	90	0	89	103	111	600	786	90	
26	109	71	20	83	175	90	0	110	107	63	734	814	90	
27	89	73	10	19	121	90	0	173	95	77	220	382	90	
28	21	25	20	368	490	90	0	95	29	28	864	925	90	
29	99	28	30	327	508	0	0	213	99	28	327	508	90	
30	101	96	10	56	206	90	0	169	105	110	557	645	90	
31	9	114	20	889	969	0	0	209	9	114	889	969	90	
32	4	125	30	348	369	90	0	181	6	113	688	800	90	
33	21	48	10	53	274	0	0	214	21	48	53	274	90	
34	21	115	10	211	471	90	0	81	34	104	706	737	90	
35	1	34	20	77	319	90	0	125	6	25	448	642	90	
36	94	70	20	531	634	90	0	109	88	72	927	977	90	
37	74	93	20	23	203	90	0	44	74	99	47	371	90	
38	94	73	10	701	830	0	0	210	94	73	701	830	90	
39	135	3	20	260	290	90	0	115	136	0	429	488	90	
40	134	31	20	519	556	90	0	200	131	31	529	732	90	
41	30	79	20	516	676	90	0	53	34	82	880	1049	90	
42	4	30	40	619	842	90	0	188	20	39	810	958	90	
43	87	39	20	35	331	90	0	116	93	36	41	288	90	
44	62	58	20	106	297	90	0	43	61	48	298	667	90	
45	2	28	10	79	299	90	0	180	0	27	199	333	90	
46	17	43	10	232	251	90	0	121	19	37	613	790	90	
47	1	24	10	303	416	90	0	191	4	23	420	485	90	
48	112	71	20	102	343	90	0	31	113	69	297	514	90	
49	135	0	10	339	397	90	0	51	137	6	631	659	90	
50	125	108	20	741	862	90	0	42	121	110	838	955	90	
51	57	53	10	597	742	0	0	207	57	53	597	742	90	
52	28	99	10	51	226	90	0	55	26	105	118	177	90	
53	137	3	20	382	722	90	0	136	133	12	710	961	90	
54	94	105	10	673	712	90	0	74	90	101	941	1000	90	
55	92	107	30	433	563	90	0	130	94	104	729	838	90	
56	10	134	10	522	785	90	0	157	14	131	620	876	90	
57	35	76	10	35	275	90	0	144	32	77	90	167	90	
58	76	99	20	135	468	90	0	76	78	92	446	719	90	
59	127	28	30	86	236	90	0	141	136	29	347	542	90	
60	8	119	20	100	238	90	0	117	7	115	763	910	90	
61	102	110	10	712	857	90	0	59	99	108	904	1041	90	
62	24	24	10	497	732	0	0	205	24	24	497	732	90	
63	22	38	20	911	1042	0	0	201	22	38	911	1042	90	
64	123	112	20	293	571	90	0	29	127	108	625	794	90	
65	67	55	10	15	203	90	0	2	59	52	476	678	90	
66	39	128	10	65	367	90	0	38	43	135	176	332	90	
67	21	44	20	104	192	90	0	176	16	38	307	547	90	
68	28	74	20	57	391	90	0	126	28	78	457	552	90	
69	86	102	10	35	252	90	0	196	91	108	237	577	90	
70	132	24	10	323	372	0	0	212	132	24	323	372	90	
71	2	132	10	472	637	90	0	138	36	105	753	876	90	
72	88	35	20	213	429	90	0	139	84	39	622	757	90	
73	74	96	30	26	284	90	0	68	80	97	438	536	90	
74	0	117	30	398	702	90	0	7	1	109	582	714	90	
75	99	96	10	38	309	90	0	26	102	104	56	402	90	
76	119	114	20	126	187	90	0	50	121	112	209	288	90	
77	28	107	20	170	311	90	0	184	31	112	317	565	90	
78	34	138	20	661	793	0	0	203	34	138	661	793	90	
79	16	39	20	286	386	90	0	33	18	38	530	689	90	
80	77	100	20	302	484	0	0	208	77	100	302	484	90	
81	96	26	10	152	312	90	0	70	103	34	556	657	90	
82	127	29	20	70	236	90	0	197	130	27	198	311	90	
83	42	136	10	222	470	90	0	142	33	133	798	1034	90	
84	36	132	10	500	581	90	0	63	32	128	1020	1181	90	
85	103	106	30	258	385	90	0	153	107	105	404	607	90	
86	96	74	10	381	408	90	0	24	98	70	408	570	90	
87	63	57	10	14	413	90	0	67	59	56	713	812	90	
88	122	113	20	168	512	90	0	123	118	108	949	1031	90	
89	40	132	20	68	285	90	0	56	35	123	1056	1198	90	
90	99	26	40	285	366	90	0	91	98	31	486	534	90	
91	10	118	10	76	181	90	0	183	35	99	951	1049	90	
92	97	29	30	49	346	90	0	66	97	28	89	192	90	
93	27	77	10	226	407	90	0	35	25	80	338	483	90	
94	126	112	10	403	647	0	0	204	126	112	403	647	90	
95	118	114	10	65	87	90	0	79	127	112	510	722	90	
96	135	6	30	91	333	90	0	189	131	11	805	1050	90	
97	111	66	20	572	606	90	0	162	102	60	787	953	90	
98	61	54	10	228	363	90	0	13	63	50	304	475	90	
99	16	138	10	86	142	90	0	186	3	135	443	481	90	
100	91	78	10	66	163	90	0	100	94	72	671	678	90	
101	119	139	20	198	334	90	0	163	120	136	329	571	90	
102	30	136	10	709	934	90	0	111	33	131	987	1028	90	
103	28	33	20	55	135	90	0	158	30	31	962	1014	90	
104	21	26	20	241	435	90	0	34	30	27	692	916	90	
105	121	134	20	475	608	90	0	92	116	132	829	994	90	
106	119	130	20	715	742	90	0	52	118	131	720	918	90	
107	34	108	10	534	539	90	0	137	35	102	848	966	90	
