50 200 1
0	70	70	0	0	1351	0	0	0
1	33	78	20	750	809	0	0	205	33	78	750	809	90	
2	10	137	30	147	219	90	0	88	8	138	234	316	90	
3	4	28	10	616	661	90	0	10	24	26	0	1198	90	
4	25	26	20	128	179	90	0	60	1	34	0	1184	90	
5	6	135	40	351	386	90	0	127	2	132	526	584	90	
6	86	36	20	384	443	90	0	6	86	37	478	531	90	
7	63	50	10	364	416	90	0	90	57	53	641	697	90	
8	100	106	10	567	626	90	0	149	91	95	1036	1097	90	
9	85	106	20	0	1222	90	0	96	94	105	656	728	90	
10	103	69	30	33	93	90	0	77	110	66	650	710	90	
11	109	131	20	72	141	90	0	23	115	134	140	199	90	
12	84	99	20	32	102	90	0	74	90	101	933	1008	90	
13	113	69	20	370	440	90	0	110	107	63	748	800	90	
14	129	9	10	84	147	90	0	94	137	3	0	1167	90	
15	25	80	20	380	440	90	0	126	28	78	479	529	90	
16	17	37	30	0	1199	90	0	33	18	38	582	638	90	
17	43	135	10	215	293	90	0	140	34	138	704	749	90	
18	104	106	20	390	434	90	0	59	99	108	0	1214	90	
19	109	71	20	0	1222	90	0	162	102	60	840	900	90	
20	61	48	20	448	517	0	0	204	61	48	448	517	90	
21	74	99	20	176	243	90	0	71	30	79	561	632	90	
22	89	73	10	19	94	90	0	109	88	72	0	1243	90	
23	101	96	10	101	160	90	0	26	102	104	201	258	90	
24	9	114	20	904	954	90	0	137	35	102	0	1214	90	
25	121	112	20	221	277	90	0	29	127	108	677	743	90	
26	137	6	10	611	678	90	0	136	133	12	797	874	90	
27	4	125	30	319	398	90	0	181	6	113	0	1184	90	
28	26	105	40	0	1205	90	0	81	34	104	683	760	90	
29	21	48	10	53	123	90	0	158	30	31	960	1016	90	
30	94	70	20	556	610	90	0	64	94	73	741	791	90	
31	74	93	20	23	66	90	0	9	32	79	655	721	90	
32	97	28	20	110	170	90	0	147	96	26	0	1210	90	
33	59	56	20	0	1244	90	0	39	61	59	931	971	90	
34	80	97	10	0	1233	0	0	206	80	97	0	1233	90	
35	87	39	20	0	1226	90	0	12	95	35	196	252	90	
36	119	136	30	0	1179	90	0	195	119	130	692	765	90	
37	127	112	20	595	636	90	0	133	99	96	0	1223	90	
38	113	71	10	286	341	90	0	172	111	66	0	1220	90	
39	2	28	10	0	1182	90	0	72	4	30	0	1184	90	
40	17	43	10	205	279	90	0	167	30	24	673	748	90	
41	112	71	20	0	1219	90	0	25	112	67	462	534	90	
42	135	0	10	0	1166	90	0	115	136	0	426	491	90	
43	103	111	20	0	1209	90	0	15	99	112	846	911	90	
44	98	31	20	0	1213	0	0	201	98	31	0	1213	90	
45	28	99	10	51	93	90	0	58	21	115	306	376	90	
46	29	28	10	865	925	90	0	17	57	59	0	1244	90	
47	10	134	10	629	677	90	0	135	28	107	0	1206	90	
48	94	72	20	647	703	0	0	207	94	72	647	703	90	
49	35	76	10	35	91	90	0	121	19	37	665	738	90	
50	76	99	20	0	1232	90	0	76	78	92	0	1238	90	
51	127	28	30	128	195	90	0	69	134	31	508	566	90	
52	8	119	20	0	1182	90	0	18	8	124	231	298	90	
53	33	131	30	979	1037	90	0	63	32	128	0	1192	90	
54	123	112	20	405	459	90	0	168	126	112	507	543	90	
55	67	55	10	15	62	90	0	2	59	52	553	602	90	
56	39	128	10	0	1196	90	0	151	36	132	509	571	90	
57	93	36	20	0	1220	90	0	129	88	35	285	358	90	
58	21	44	20	115	180	90	0	106	24	24	0	1196	90	
59	28	74	20	188	260	90	0	188	20	39	855	913	90	
60	86	102	10	93	159	90	0	97	92	107	465	532	90	
61	84	36	10	568	626	90	0	139	84	39	659	720	90	
62	132	24	10	0	1184	90	0	141	136	29	406	482	90	
63	6	25	10	516	574	0	0	209	6	25	516	574	90	
64	22	22	10	494	550	90	0	34	30	27	0	1203	90	
65	74	96	30	80	153	90	0	99	34	79	841	902	90	
66	0	117	30	515	585	0	0	202	0	117	515	585	90	
67	119	114	20	128	185	90	0	42	121	110	870	923	90	
68	33	133	20	890	941	90	0	56	35	123	1130	1198	90	
69	16	39	20	314	358	0	0	208	16	39	314	358	90	
70	32	77	20	0	1223	90	0	53	34	82	0	1224	90	
71	122	131	20	608	661	90	0	92	116	132	870	953	90	
72	77	100	20	356	429	90	0	28	90	104	0	1222	90	
73	127	29	20	70	141	90	0	197	130	27	229	280	90	
74	42	136	10	310	381	90	0	22	43	140	410	470	90	
75	103	106	30	296	347	90	0	153	107	105	472	539	90	
76	96	74	10	351	437	90	0	24	98	70	467	511	90	
77	63	57	10	0	1247	90	0	78	62	58	173	229	90	
78	122	113	20	307	374	90	0	87	125	108	778	825	90	
79	40	132	20	137	182	90	0	16	36	135	598	669	90	
80	99	26	40	287	363	90	0	47	99	28	392	442	90	
81	10	118	10	76	144	90	0	117	7	115	801	872	90	
82	97	29	30	49	119	90	0	70	103	34	577	636	90	
83	27	77	10	0	1218	90	0	165	19	39	764	823	90	
84	105	110	20	567	634	90	0	105	102	110	754	814	90	
85	118	114	10	65	126	90	0	123	118	108	972	1008	90	
86	135	6	30	0	1170	90	0	65	135	3	0	1168	90	
87	95	77	10	278	325	90	0	179	91	71	0	1240	90	
88	139	10	30	723	756	90	0	189	131	11	895	960	90	
89	61	54	10	0	1243	90	0	107	64	61	1011	1077	90	
90	16	38	20	387	466	90	0	108	22	38	950	1003	90	
91	16	138	10	86	142	90	0	183	35	99	976	1025	90	
92	91	78	10	88	141	90	0	27	93	75	178	238	90	
93	0	27	30	241	292	90	0	191	4	23	0	1180	90	
94	119	139	20	234	298	90	0	163	120	136	0	1179	90	
95	31	112	20	401	481	90	0	37	32	106	602	657	90	
96	5	119	20	0	1180	90	0	7	1	109	616	680	90	
97	3	135	20	433	491	90	0	157	14	131	712	784	90	
98	30	136	10	792	850	0	0	210	30	136	792	850	90	
99	28	33	20	55	128	90	0	84	1	24	0	1179	90	
100	87	108	20	275	350	90	0	130	94	104	754	813	90	
101	21	26	20	311	365	90	0	46	21	25	405	453	90	
102	121	134	20	517	567	90	0	52	118	131	782	857	90	
103	101	107	10	1038	1090	90	0	196	91	108	0	1218	90	
104	34	108	10	506	566	90	0	138	36	105	776	852	90	
105	131	31	20	0	1189	0	0	203	131	31	0	1189	90	
