50 700 1
0	70	70	0	0	3598	0	0	0
1	100	5	20	668	828	90	0	143	101	4	0	3436	90	
2	122	11	30	0	3430	90	0	159	105	26	0	3452	90	
3	94	18	30	0	3451	90	0	36	69	48	3120	3280	90	
4	67	123	20	906	1066	90	0	156	113	67	2616	2776	90	
5	26	24	20	0	3445	90	0	182	12	31	0	3439	90	
6	27	32	20	1209	1369	90	0	112	4	15	0	3423	90	
7	25	31	20	1117	1277	90	0	32	27	44	1406	1566	90	
8	56	95	10	0	3480	90	0	166	60	115	0	3462	90	
9	98	46	20	0	3472	90	0	138	94	1	0	3435	90	
10	131	4	40	0	3419	90	0	91	116	23	0	3443	90	
11	94	89	20	0	3478	90	0	15	101	68	0	3477	90	
12	70	113	30	0	3465	90	0	163	86	109	0	3466	90	
13	112	3	10	0	3429	90	0	62	80	40	0	3477	90	
14	20	108	10	0	3446	90	0	140	20	109	0	3445	90	
15	10	118	20	0	3432	90	0	121	26	104	0	3453	90	
16	103	12	20	0	3442	90	0	106	109	25	0	3449	90	
17	96	138	10	0	3436	90	0	154	95	103	0	3467	90	
18	26	91	10	0	3460	90	0	16	49	48	0	3478	90	
19	98	75	10	0	3480	90	0	9	99	53	0	3475	90	
20	60	111	10	0	3466	90	0	43	77	117	0	3461	90	
21	54	102	20	0	3473	90	0	76	66	131	0	3447	90	
22	77	15	10	0	3453	90	0	136	75	64	0	3501	90	
23	115	41	20	2688	2848	90	0	196	80	63	0	3496	90	
24	44	82	20	0	3480	0	0	202	44	82	0	3480	90	
25	116	10	20	0	3433	90	0	80	123	19	0	3435	90	
26	29	36	20	0	3455	90	0	96	38	16	0	3446	90	
27	90	91	10	0	3479	90	0	147	104	51	0	3470	90	
28	62	73	20	3070	3230	0	0	201	62	73	3070	3230	90	
29	6	121	20	0	3427	90	0	56	4	137	0	3414	90	
30	11	100	20	933	1093	90	0	84	7	113	1421	1581	90	
31	23	22	20	0	3441	90	0	120	3	17	2483	2643	90	
32	56	56	40	0	3489	90	0	66	64	78	0	3498	90	
33	60	66	30	223	383	90	0	162	45	71	0	3483	90	
34	16	90	20	0	3451	90	0	60	41	64	0	3479	90	
35	104	82	30	0	3472	90	0	183	106	81	0	3471	90	
36	47	36	20	41	201	90	0	153	26	23	0	3444	90	
37	86	124	20	0	3452	90	0	168	94	104	0	3467	90	
38	48	72	20	0	3486	90	0	157	25	94	0	3457	90	
39	60	52	20	0	3488	90	0	24	64	59	1920	2080	90	
40	25	46	20	1313	1473	90	0	149	7	52	0	3443	90	
41	26	15	20	0	3438	90	0	125	4	33	0	3433	90	
42	15	30	20	925	1085	90	0	109	9	42	2689	2849	90	
43	66	117	30	0	3461	90	0	134	70	110	0	3468	90	
44	111	70	20	2710	2870	90	0	3	111	78	0	3467	90	
45	17	25	10	0	3439	90	0	130	9	9	2293	2453	90	
46	83	105	30	0	3471	0	0	204	83	105	0	3471	90	
47	57	70	10	2023	2183	90	0	49	57	77	0	3494	90	
48	15	23	30	0	3436	90	0	45	12	33	831	991	90	
49	81	135	20	0	3443	90	0	177	75	103	0	3475	90	
50	62	128	20	0	3450	90	0	75	98	116	0	3455	90	
51	24	19	10	0	3440	0	0	203	24	19	0	3440	90	
52	119	20	10	2395	2555	90	0	144	80	22	0	3459	90	
53	62	125	30	620	780	90	0	150	73	119	1487	1647	90	
54	29	10	30	0	3436	90	0	81	17	18	2191	2351	90	
55	13	80	30	0	3451	90	0	82	57	87	0	3487	90	
56	65	73	10	0	3503	90	0	18	14	107	0	3441	90	
57	91	71	10	0	3487	90	0	4	96	62	0	3481	90	
58	47	57	30	0	3482	90	0	7	60	89	0	3487	90	
59	96	23	30	177	337	90	0	122	74	56	0	3494	90	
60	26	102	40	0	3454	90	0	1	38	105	0	3461	90	
61	3	98	10	1031	1191	90	0	131	7	92	1128	1288	90	
62	18	107	10	0	3445	90	0	55	28	115	0	3447	90	
63	95	68	20	821	981	90	0	54	105	49	2324	2484	90	
64	58	85	10	2310	2470	90	0	165	64	88	2782	2942	90	
65	11	23	10	0	3433	90	0	139	41	12	0	3444	90	
66	61	107	10	0	3470	90	0	191	72	117	0	3461	90	
67	30	106	30	2305	2465	90	0	85	37	115	0	3453	90	
68	106	0	10	0	3430	90	0	90	112	2	0	3429	90	
69	120	10	20	0	3430	90	0	71	121	9	0	3429	90	
70	30	58	20	3096	3256	90	0	99	49	70	0	3487	90	
71	50	29	10	0	3463	90	0	33	21	28	0	3444	90	
72	37	111	20	0	3456	90	0	68	46	80	3322	3482	90	
73	20	93	10	0	3453	90	0	30	44	62	0	3481	90	
74	28	14	20	1907	2067	90	0	95	19	41	2986	3146	90	
75	103	33	10	0	3459	90	0	11	93	61	0	3484	90	
76	103	19	30	0	3448	90	0	128	106	5	0	3434	90	
77	79	128	30	0	3450	90	0	195	114	63	0	3464	90	
78	10	50	20	0	3445	90	0	94	45	68	0	3483	90	
79	101	59	30	1533	1693	90	0	23	94	59	3002	3162	90	
80	59	77	20	0	3495	90	0	174	19	96	0	3451	90	
81	116	34	20	0	3450	90	0	142	87	63	0	3490	90	
82	15	96	10	0	3448	90	0	192	10	105	0	3439	90	
83	63	100	10	0	3478	90	0	40	63	103	0	3475	90	
84	8	102	10	1228	1388	90	0	37	19	116	0	3440	90	
85	64	89	10	2691	2851	90	0	58	67	84	2877	3037	90	
86	61	66	10	132	292	90	0	114	35	88	0	3469	90	
87	47	63	30	0	3484	90	0	133	46	52	0	3478	90	
88	103	55	20	0	3472	90	0	47	117	55	0	3459	90	
89	36	94	30	0	3467	90	0	123	24	105	2118	2278	90	
90	94	56	30	0	3481	90	0	89	96	55	0	3478	90	
91	92	123	10	2094	2254	90	0	172	95	121	0	3452	90	
92	98	28	10	0	3458	90	0	145	117	10	0	3432	90	
93	14	133	30	1818	1978	90	0	88	51	115	2607	2767	90	
94	101	32	20	0	3459	90	0	28	76	65	0	3501	90	
95	25	66	10	0	3463	90	0	178	65	80	0	3497	90	
96	78	61	40	0	3496	90	0	14	98	36	0	3464	90	
97	128	0	10	0	3418	90	0	158	120	20	0	3438	90	
98	130	16	30	0	3428	90	0	190	126	20	0	3433	90	
99	113	36	10	0	3454	90	0	83	102	33	2987	3147	90	
100	15	94	30	268	428	90	0	180	18	123	0	3434	90	
101	129	77	10	0	3449	90	0	189	123	64	0	3455	90	
102	85	85	20	0	3487	90	0	41	91	91	0	3479	90	
