50 200 1
0	70	70	0	0	634	0	0	0
1	107	77	34	37	47	10	0	16	132	133	150	160	10	
2	109	139	8	123	133	10	0	8	121	124	160	170	10	
3	120	22	39	124	134	10	0	195	105	2	234	244	10	
4	48	47	19	31	41	10	0	125	30	57	240	250	10	
5	116	22	32	148	158	10	0	28	90	14	474	484	10	
6	12	138	14	285	295	10	0	189	8	138	301	311	10	
7	86	40	22	34	44	10	0	86	137	7	166	176	10	
8	40	113	23	487	497	0	0	205	40	113	487	497	10	
9	12	84	16	209	219	10	0	23	18	104	347	357	10	
10	41	36	13	61	71	10	0	164	36	54	382	392	10	
11	104	139	29	346	356	10	0	105	70	83	495	505	10	
12	104	54	13	63	73	10	0	14	102	52	169	179	10	
13	46	133	7	86	96	10	0	142	56	139	320	330	10	
14	16	92	10	369	379	10	0	108	54	78	560	570	10	
15	107	25	13	284	294	10	0	61	112	13	535	545	10	
16	139	73	10	97	107	10	0	123	137	84	114	124	10	
17	64	132	8	67	77	0	0	208	64	132	67	77	10	
18	54	106	9	304	314	10	0	83	51	92	458	468	10	
19	30	21	12	332	342	10	0	186	15	18	410	420	10	
20	108	30	18	106	116	10	0	79	113	45	309	319	10	
21	37	73	33	346	356	10	0	65	16	62	406	416	10	
22	50	112	18	242	252	10	0	90	50	106	330	340	10	
23	81	36	17	72	82	10	0	156	135	65	349	359	10	
24	113	35	9	60	70	10	0	66	140	36	186	196	10	
25	44	58	30	28	38	10	0	129	23	39	362	372	10	
26	8	87	17	411	421	10	0	74	35	90	456	466	10	
27	116	105	23	154	164	10	0	121	85	111	263	273	10	
28	139	68	25	88	98	10	0	148	123	84	426	436	10	
29	103	119	18	344	354	10	0	42	115	124	421	431	10	
30	89	39	23	36	46	10	0	49	117	4	428	438	10	
31	39	100	31	76	86	10	0	58	5	99	334	344	10	
32	73	96	9	176	186	10	0	59	67	96	502	512	10	
33	55	127	17	268	278	10	0	183	67	120	369	379	10	
34	103	44	12	42	52	10	0	50	140	42	111	121	10	
35	97	12	10	216	226	10	0	107	61	34	483	493	10	
36	90	44	6	62	72	10	0	27	101	0	508	518	10	
37	113	32	36	154	164	10	0	11	129	24	345	355	10	
38	15	4	23	111	121	10	0	191	4	44	426	436	10	
39	54	33	20	40	50	10	0	56	54	41	291	301	10	
40	70	94	32	24	34	10	0	34	63	129	216	226	10	
41	12	48	4	68	78	10	0	178	20	106	285	295	10	
42	79	80	4	13	23	10	0	35	82	100	114	124	10	
43	69	116	26	354	364	10	0	111	80	103	382	392	10	
44	28	62	23	206	216	10	0	39	47	83	328	338	10	
45	120	102	18	107	117	10	0	45	60	84	492	502	10	
46	65	0	20	84	94	10	0	109	83	12	240	250	10	
47	4	71	19	170	180	10	0	19	22	104	241	251	10	
48	19	120	16	271	281	10	0	174	37	79	438	448	10	
49	18	70	26	401	411	10	0	97	58	80	470	480	10	
50	49	140	3	244	254	10	0	127	2	106	397	407	10	
51	69	115	20	225	235	10	0	118	59	115	324	334	10	
52	36	124	34	244	254	10	0	136	26	130	278	288	10	
53	103	82	27	336	346	10	0	9	61	57	385	395	10	
54	38	122	13	244	254	10	0	29	20	69	388	398	10	
55	29	60	14	42	52	10	0	82	10	86	421	431	10	
56	78	111	22	41	51	10	0	40	92	138	412	422	10	
57	116	83	30	189	199	10	0	21	138	78	212	222	10	
58	29	94	1	287	297	10	0	43	13	48	430	440	10	
59	137	137	27	110	120	10	0	78	138	105	413	423	10	
60	110	28	20	315	325	0	0	210	110	28	315	325	10	
61	116	13	5	73	83	10	0	75	88	29	570	580	10	
62	71	70	9	490	500	0	0	201	71	70	490	500	10	
63	120	60	18	64	74	10	0	124	103	86	268	278	10	
64	139	72	23	347	357	10	0	197	93	61	531	541	10	
65	126	23	13	273	283	10	0	172	120	52	384	394	10	
66	138	24	12	190	200	10	0	91	83	38	486	496	10	
67	78	63	19	10	20	10	0	139	137	101	179	189	10	
68	98	4	20	188	198	0	0	207	98	4	188	198	10	
69	103	77	17	301	311	0	0	204	103	77	301	311	10	
70	55	102	4	325	335	10	0	24	66	82	511	521	10	
71	65	80	20	11	21	10	0	173	33	117	104	114	10	
72	82	103	15	45	55	10	0	84	46	112	296	306	10	
73	60	23	16	64	74	10	0	144	9	19	383	393	10	
74	79	72	22	9	19	10	0	81	85	75	21	31	10	
75	99	34	9	86	96	10	0	137	104	32	145	155	10	
76	27	46	35	219	229	10	0	110	34	72	559	569	10	
77	64	115	15	145	155	10	0	52	58	95	495	505	10	
78	32	6	11	105	115	10	0	166	34	20	161	171	10	
79	81	57	8	17	27	10	0	192	97	115	378	388	10	
80	66	40	20	30	40	10	0	135	58	11	137	147	10	
81	120	47	18	55	65	10	0	143	119	73	127	137	10	
82	37	125	10	353	363	10	0	198	27	104	512	522	10	
83	120	14	20	269	279	10	0	180	106	10	309	319	10	
84	114	109	16	87	97	10	0	76	109	131	236	246	10	
85	137	127	28	206	216	10	0	170	136	123	329	339	10	
86	37	138	5	220	230	10	0	102	17	138	443	453	10	
87	109	78	21	248	258	10	0	69	104	73	259	269	10	
88	39	13	20	386	396	10	0	70	36	38	448	458	10	
89	137	96	9	71	81	10	0	146	107	102	229	239	10	
90	133	130	13	232	242	10	0	122	121	123	267	277	10	
91	60	54	3	249	259	10	0	190	33	0	492	502	10	
92	125	68	20	202	212	10	0	31	115	82	277	287	10	
93	13	129	25	361	371	10	0	77	10	111	503	513	10	
94	15	9	2	420	430	0	0	203	15	9	420	430	10	
95	100	99	17	309	319	10	0	154	86	80	384	394	10	
96	89	24	15	311	321	0	0	202	89	24	311	321	10	
97	42	29	12	70	80	0	0	206	42	29	70	80	10	
98	117	92	25	293	303	10	0	169	110	99	313	323	10	
99	139	110	19	201	211	10	0	101	84	88	366	376	10	
100	44	36	9	58	68	10	0	54	32	52	161	171	10	
101	23	19	16	182	192	10	0	141	26	50	397	407	10	
102	56	129	21	297	307	10	0	128	64	138	450	460	10	
103	66	91	16	21	31	10	0	13	44	116	63	73	10	
104	69	6	8	93	103	10	0	80	92	22	200	210	10	
105	95	135	27	411	421	0	0	209	95	135	411	421	10	
