50 200 1
0	70	70	0	0	634	0	0	0
1	107	77	34	0	587	10	0	181	100	99	309	319	10	
2	120	22	39	124	134	10	0	86	137	7	166	176	10	
3	48	47	19	31	41	10	0	184	42	29	70	80	10	
4	116	22	32	148	158	10	0	91	83	38	486	496	10	
5	12	138	14	285	295	10	0	177	13	129	361	371	10	
6	12	84	16	209	219	10	0	74	35	90	456	466	10	
7	104	54	13	63	73	10	0	143	119	73	127	137	10	
8	139	73	10	97	107	10	0	21	138	78	212	222	10	
9	20	69	13	388	398	10	0	43	13	48	430	440	10	
10	64	132	8	67	77	10	0	127	2	106	0	548	10	
11	54	106	9	0	585	10	0	138	55	102	325	335	10	
12	82	100	18	114	124	10	0	90	50	106	0	583	10	
13	108	30	18	106	116	10	0	116	110	28	315	325	10	
14	50	112	18	242	252	10	0	62	55	127	268	278	10	
15	92	138	12	412	422	10	0	105	70	83	495	505	10	
16	81	36	17	72	82	10	0	25	107	25	284	294	10	
17	115	124	11	421	431	0	0	209	115	124	421	431	10	
18	113	35	9	60	70	10	0	172	120	52	384	394	10	
19	44	58	30	28	38	10	0	15	41	36	61	71	10	
20	116	105	23	154	164	10	0	78	138	105	413	423	10	
21	117	4	9	0	543	0	0	202	117	4	0	543	10	
22	140	42	13	0	549	10	0	11	129	24	0	550	10	
23	139	68	25	88	98	10	0	160	120	14	269	279	10	
24	103	119	18	0	565	10	0	2	109	139	123	133	10	
25	32	52	32	161	171	10	0	125	30	57	240	250	10	
26	89	39	23	36	46	10	0	195	105	2	234	244	10	
27	39	100	31	76	86	10	0	118	59	115	324	334	10	
28	73	96	9	0	598	0	0	208	73	96	0	598	10	
29	103	44	12	42	52	10	0	156	135	65	349	359	10	
30	16	62	15	0	570	10	0	19	22	104	241	251	10	
31	90	44	6	62	72	10	0	28	90	14	0	565	10	
32	113	32	36	154	164	10	0	64	97	12	216	226	10	
33	104	73	17	259	269	10	0	103	103	82	336	346	10	
34	36	38	5	448	458	10	0	107	61	34	483	493	10	
35	15	4	23	111	121	10	0	186	15	18	0	549	10	
36	70	94	32	24	34	10	0	34	63	129	216	226	10	
37	109	131	16	236	246	10	0	121	85	111	0	581	10	
38	113	45	4	309	319	10	0	197	93	61	531	541	10	
39	10	86	14	421	431	0	0	207	10	86	421	431	10	
40	51	92	9	458	468	0	0	204	51	92	458	468	10	
41	46	112	10	296	306	10	0	88	69	116	354	364	10	
42	12	48	4	68	78	10	0	47	8	87	411	421	10	
43	79	80	4	13	23	10	0	16	132	133	150	160	10	
44	120	102	18	107	117	0	0	210	120	102	107	117	10	
45	65	0	20	84	94	10	0	39	47	83	328	338	10	
46	4	71	19	170	180	10	0	22	16	92	369	379	10	
47	19	120	16	271	281	10	0	173	33	117	0	565	10	
48	18	70	26	401	411	10	0	191	4	44	0	554	10	
49	49	140	3	244	254	10	0	77	10	111	503	513	10	
50	69	115	20	0	579	10	0	45	60	84	492	502	10	
51	17	138	8	443	453	0	0	205	17	138	443	453	10	
52	38	122	13	244	254	10	0	100	36	124	0	561	10	
53	29	60	14	42	52	10	0	108	54	78	560	570	10	
54	80	103	15	382	392	10	0	24	66	82	511	521	10	
55	137	137	27	110	120	10	0	146	107	102	0	576	10	
56	116	13	5	0	551	10	0	80	92	22	0	572	10	
57	120	60	18	64	74	10	0	123	137	84	114	124	10	
58	103	86	19	268	278	10	0	52	58	95	495	505	10	
59	139	72	23	347	357	10	0	119	71	70	490	500	10	
60	64	138	15	0	556	10	0	114	29	94	0	577	10	
61	23	39	20	0	568	10	0	144	9	19	383	393	10	
62	126	23	13	0	551	10	0	75	88	29	570	580	10	
63	138	24	12	190	200	10	0	14	102	52	0	588	10	
64	78	63	19	10	20	10	0	154	86	80	384	394	10	
65	98	4	20	188	198	10	0	27	101	0	0	548	10	
66	103	77	17	301	311	10	0	101	84	88	366	376	10	
67	26	130	20	278	288	10	0	159	37	125	353	363	10	
68	104	32	18	145	155	10	0	109	83	12	240	250	10	
69	65	80	20	11	21	10	0	183	67	120	369	379	10	
70	26	50	7	0	576	10	0	110	34	72	559	569	10	
71	56	139	18	320	330	10	0	198	27	104	512	522	10	
72	82	103	15	45	55	10	0	8	121	124	160	170	10	
73	60	23	16	0	576	10	0	97	58	80	470	480	10	
74	123	84	13	426	436	10	0	113	116	83	0	577	10	
75	27	46	35	219	229	10	0	56	54	41	0	591	10	
76	64	115	15	0	579	10	0	112	78	111	0	583	10	
77	32	6	11	105	115	10	0	7	86	40	0	590	10	
78	81	57	8	17	27	10	0	150	99	34	0	578	10	
79	66	40	20	30	40	10	0	72	54	33	0	584	10	
80	120	47	18	55	65	10	0	66	140	36	186	196	10	
81	114	109	16	0	566	10	0	122	121	123	0	551	10	
82	137	127	28	206	216	10	0	171	133	130	232	242	10	
83	37	138	5	220	230	10	0	13	44	116	0	572	10	
84	36	54	15	0	587	10	0	89	28	62	206	216	10	
85	109	78	21	248	258	10	0	59	67	96	0	598	10	
86	34	20	15	161	171	10	0	167	39	13	386	396	10	
87	137	96	9	71	81	10	0	185	117	92	0	573	10	
88	110	99	21	313	323	10	0	139	137	101	0	551	10	
89	136	123	31	329	339	10	0	149	79	72	0	615	10	
90	37	79	5	438	448	0	0	203	37	79	438	448	10	
91	60	54	3	249	259	10	0	37	37	73	0	591	10	
92	125	68	20	202	212	10	0	31	115	82	277	287	10	
93	20	106	24	285	295	10	0	23	18	104	347	357	10	
94	106	10	13	309	319	10	0	61	112	13	535	545	10	
95	89	24	15	311	321	10	0	9	61	57	385	395	10	
96	139	110	19	0	545	10	0	81	85	75	0	609	10	
97	44	36	9	58	68	10	0	33	30	21	332	342	10	
98	8	138	10	0	532	10	0	58	5	99	0	553	10	
99	33	0	20	492	502	0	0	206	33	0	492	502	10	
100	97	115	25	0	572	10	0	17	104	139	346	356	10	
101	23	19	16	182	192	10	0	179	15	9	420	430	10	
102	56	129	21	0	564	10	0	20	46	133	86	96	10	
103	66	91	16	21	31	10	0	10	40	113	487	497	10	
104	69	6	8	93	103	10	0	135	58	11	137	147	10	
105	95	135	27	411	421	0	0	201	95	135	411	421	10	
