50 1000 1
0	70	70	0	0	2535	0	0	0
1	101	0	9	1973	2130	10	0	172	97	12	0	2462	10	
2	26	50	7	1552	1667	0	0	202	26	50	1552	1667	10	
3	107	25	13	1133	1176	10	0	71	139	68	0	2456	10	
4	46	112	10	1133	1274	10	0	153	35	90	0	2485	10	
5	79	72	22	0	2516	10	0	167	137	84	0	2457	10	
6	8	87	17	1615	1714	10	0	164	65	80	0	2514	10	
7	109	139	8	469	555	10	0	57	69	115	0	2480	10	
8	80	103	15	1484	1613	10	0	171	66	82	0	2513	10	
9	95	135	27	0	2456	10	0	199	81	36	0	2490	10	
10	64	132	8	0	2463	10	0	82	36	54	1482	1614	10	
11	39	13	20	0	2461	10	0	10	17	138	0	2439	10	
12	140	42	13	0	2450	10	0	72	88	29	0	2481	10	
13	32	6	11	401	479	10	0	11	37	138	0	2450	10	
14	81	57	8	33	104	10	0	143	120	47	0	2470	10	
15	120	52	20	0	2472	10	0	75	104	73	0	2491	10	
16	113	32	36	0	2468	10	0	19	104	32	0	2475	10	
17	137	101	12	720	755	0	0	201	137	101	720	755	10	
18	82	103	15	0	2490	10	0	34	44	58	0	2497	10	
19	90	44	6	0	2493	10	0	23	78	63	0	2515	10	
20	64	138	15	0	2457	10	0	104	27	46	0	2476	10	
21	13	48	15	0	2464	10	0	93	13	129	0	2443	10	
22	84	88	16	0	2503	10	0	78	73	96	0	2499	10	
23	105	2	1	0	2449	10	0	81	83	12	0	2466	10	
24	107	77	34	0	2488	10	0	48	139	73	0	2456	10	
25	104	54	13	208	333	10	0	29	120	14	0	2450	10	
26	54	33	20	118	204	10	0	97	33	0	0	2446	10	
27	37	125	10	0	2461	10	0	163	54	78	0	2508	10	
28	99	34	9	0	2479	10	0	37	106	10	0	2456	10	
29	38	122	13	941	1052	10	0	133	50	112	0	2479	10	
30	85	75	37	0	2510	10	0	102	109	78	0	2486	10	
31	47	83	1	0	2499	10	0	94	34	20	0	2464	10	
32	39	100	31	0	2482	10	0	121	2	106	1541	1673	10	
33	48	47	19	94	161	10	0	36	41	36	0	2481	10	
34	103	44	12	0	2483	10	0	112	123	84	0	2471	10	
35	71	70	9	0	2524	10	0	13	121	123	0	2452	10	
36	16	92	10	0	2467	10	0	165	28	62	0	2483	10	
37	56	139	18	0	2455	10	0	108	15	18	0	2450	10	
38	27	104	1	0	2471	10	0	98	18	104	1350	1463	10	
39	34	72	21	0	2489	10	0	33	42	29	0	2476	10	
40	120	22	39	440	591	10	0	51	98	4	0	2454	10	
41	33	117	20	0	2466	10	0	12	20	69	0	2475	10	
42	102	52	15	0	2489	10	0	120	92	22	0	2473	10	
43	114	109	16	0	2467	10	0	76	9	19	1472	1631	10	
44	86	80	21	0	2507	10	0	196	103	86	0	2489	10	
45	12	48	4	0	2463	10	0	46	10	111	0	2453	10	
46	139	72	23	1349	1466	10	0	49	89	24	0	2476	10	
47	116	22	32	0	2459	10	0	175	90	14	0	2466	10	
48	19	120	16	0	2454	10	0	110	16	62	0	2471	10	
49	23	39	20	1419	1514	10	0	63	32	52	0	2483	10	
50	110	99	21	0	2476	10	0	136	92	138	0	2454	10	
51	61	57	35	0	2510	10	0	177	15	4	406	520	10	
52	115	124	11	0	2455	10	0	90	63	129	0	2466	10	
53	93	61	10	0	2501	10	0	152	113	35	166	357	10	
54	65	0	20	0	2455	10	0	109	18	70	1531	1717	10	
55	108	30	18	381	504	10	0	69	103	77	1203	1242	10	
56	120	60	18	216	337	10	0	155	117	4	0	2444	10	
57	117	92	25	0	2474	10	0	157	56	129	0	2465	10	
58	26	130	20	0	2451	10	0	130	12	138	1096	1221	10	
59	113	45	4	0	2476	10	0	116	89	39	0	2489	10	
60	40	113	23	0	2473	10	0	79	44	116	0	2473	10	
61	138	105	24	0	2449	10	0	6	137	137	0	2431	10	
62	116	105	23	0	2468	10	0	25	37	79	0	2491	10	
63	110	28	20	0	2467	10	0	140	112	13	0	2455	10	
64	66	40	20	40	202	10	0	135	4	71	0	2459	10	
65	140	36	1	0	2448	10	0	195	138	24	0	2443	10	
66	23	19	16	0	2456	10	0	3	30	57	0	2483	10	
67	69	6	8	328	456	10	0	161	46	133	0	2458	10	
68	100	99	17	0	2484	10	0	38	107	102	0	2477	10	
69	49	140	3	944	1048	10	0	4	29	60	0	2483	10	
70	60	54	3	0	2507	10	0	198	8	138	0	2433	10	
71	115	82	30	0	2479	10	0	15	137	7	0	2434	10	
72	139	110	19	0	2446	10	0	58	59	115	0	2479	10	
73	58	80	18	1820	1976	10	0	53	60	84	0	2508	10	
74	30	21	12	0	2462	10	0	39	83	38	1885	2046	10	
75	64	115	15	514	687	10	0	56	86	40	0	2491	10	
76	82	100	18	0	2493	10	0	8	78	111	112	222	10	
77	58	95	35	0	2498	10	0	169	51	92	0	2496	10	
78	97	115	25	1478	1589	10	0	99	70	83	0	2512	10	
79	54	41	9	1124	1246	10	0	52	61	34	1910	1991	10	
80	136	123	31	0	2441	10	0	68	109	131	0	2453	10	
81	129	24	18	1341	1458	10	0	139	116	13	0	2452	10	
82	58	11	9	533	604	10	0	170	12	84	0	2466	10	
83	55	127	17	0	2467	10	0	113	37	73	0	2492	10	
84	79	80	4	0	2512	10	0	181	70	94	0	2501	10	
85	67	120	5	1416	1574	10	0	183	66	91	0	2504	10	
86	55	102	4	0	2490	10	0	86	67	96	1975	2081	10	
87	20	106	24	1095	1226	10	0	14	22	104	0	2467	10	
88	138	78	43	0	2457	10	0	89	54	106	0	2486	10	
89	60	23	16	0	2477	10	0	30	10	86	0	2463	10	
90	29	94	1	0	2478	10	0	189	5	99	0	2454	10	
91	4	44	24	0	2455	10	0	16	50	106	1254	1429	10	
92	119	73	15	476	581	10	0	7	103	119	1329	1463	10	
93	135	65	3	0	2460	10	0	40	132	133	0	2437	10	
94	103	82	27	0	2490	10	0	191	125	68	0	2470	10	
95	104	139	29	1338	1466	10	0	5	69	116	0	2479	10	
96	15	9	2	0	2443	10	0	142	36	124	0	2462	10	
97	44	36	9	211	290	10	0	190	36	38	0	2479	10	
98	137	127	28	0	2438	10	0	32	121	124	0	2451	10	
99	120	102	18	407	486	10	0	124	85	111	1035	1109	10	
100	137	96	9	0	2454	10	0	27	133	130	0	2438	10	
101	116	83	30	0	2478	10	0	147	126	23	0	2452	10	
