50 1000 1
0	70	70	0	0	2535	0	0	0
1	79	72	22	9	489	10	0	165	118	114	65	545	10	
2	16	39	20	144	624	10	0	55	117	92	952	1432	10	
3	61	54	10	18	498	10	0	35	2	28	136	616	10	
4	96	26	10	51	531	10	0	68	99	26	101	581	10	
5	16	92	10	1255	1735	10	0	97	35	90	1603	2083	10	
6	85	106	20	39	519	10	0	34	20	69	1332	1812	10	
7	37	125	10	1194	1674	10	0	75	10	111	1791	2271	10	
8	18	104	18	1167	1647	10	0	60	8	87	1425	1905	10	
9	61	48	20	90	570	10	0	78	57	53	197	677	10	
10	97	29	30	49	529	10	0	16	112	67	150	630	10	
11	99	28	30	149	629	10	0	124	88	35	85	565	10	
12	19	37	20	325	805	10	0	83	101	0	1812	2292	10	
13	127	108	10	359	839	10	0	66	80	103	1308	1788	10	
14	90	44	6	32	512	10	0	98	111	66	196	676	10	
15	113	32	36	396	876	10	0	152	103	44	42	522	10	
16	63	57	10	14	494	10	0	166	91	95	506	986	10	
17	137	96	9	71	551	10	0	192	133	130	709	1189	10	
18	127	112	20	303	783	10	0	45	121	112	116	596	10	
19	126	112	10	259	739	10	0	108	123	112	207	687	10	
20	86	36	20	134	614	10	0	91	126	23	874	1354	10	
21	19	39	10	373	853	10	0	158	103	82	1125	1605	10	
22	66	40	20	30	510	10	0	10	6	25	341	821	10	
23	63	50	10	39	519	10	0	77	4	28	396	876	10	
24	116	22	32	371	851	10	0	40	113	69	101	581	10	
25	137	101	12	497	977	10	0	33	103	119	1156	1636	10	
26	137	137	27	219	699	10	0	82	84	88	1245	1725	10	
27	70	94	32	24	504	10	0	12	87	108	51	531	10	
28	122	113	20	161	641	10	0	94	120	136	278	758	10	
29	109	71	20	39	519	10	0	147	113	71	53	533	10	
30	35	102	10	509	989	10	0	118	21	115	163	643	10	
31	91	108	10	107	587	10	0	2	16	62	1404	1884	10	
32	140	42	13	222	702	10	0	116	106	10	1015	1495	10	
33	44	36	9	42	522	10	0	26	17	37	233	713	10	
34	109	139	8	272	752	10	0	128	115	134	116	596	10	
35	34	108	10	305	785	10	0	123	8	138	985	1465	10	
36	135	65	3	1175	1655	0	0	201	135	65	1175	1655	10	
37	36	124	34	755	1235	10	0	141	4	44	1482	1962	10	
38	102	60	30	360	840	10	0	44	97	12	645	1125	10	
39	139	110	19	586	1066	10	0	112	121	124	419	899	10	
40	119	114	20	65	545	10	0	160	122	131	380	860	10	
41	50	112	18	747	1227	10	0	76	18	70	1384	1864	10	
42	44	116	27	52	532	10	0	64	60	84	1746	2226	10	
43	82	100	18	237	717	10	0	113	34	104	408	888	10	
44	83	12	29	741	1221	10	0	193	15	18	1420	1900	10	
45	85	75	37	15	495	10	0	182	103	69	33	513	10	
46	39	13	20	1323	1803	10	0	39	61	34	1710	2190	10	
47	105	2	1	715	1195	10	0	120	36	38	1571	2051	10	
48	36	54	15	1308	1788	10	0	30	58	95	1760	2240	10	
49	119	136	30	234	714	10	0	168	119	139	182	662	10	
50	84	99	20	32	512	10	0	37	86	102	35	515	10	
51	95	35	10	43	523	10	0	169	104	54	37	517	10	
52	69	6	8	152	632	10	0	25	4	23	290	770	10	
53	1	24	10	237	717	10	0	62	16	38	188	668	10	
54	138	78	43	629	1109	10	0	22	125	68	588	1068	10	
55	137	7	40	443	923	10	0	79	54	41	945	1425	10	
56	121	110	30	465	945	10	0	50	121	123	848	1328	10	
57	56	129	21	966	1446	10	0	17	50	106	1101	1581	10	
58	116	132	10	527	1007	10	0	109	119	130	432	912	10	
59	113	45	4	1016	1496	10	0	148	112	13	1920	2400	10	
60	28	107	20	81	561	10	0	67	66	82	1824	2304	10	
61	116	83	30	538	1018	10	0	110	92	22	580	1060	10	
62	89	39	23	36	516	10	0	196	99	34	123	603	10	
63	59	52	20	148	628	10	0	21	90	101	441	921	10	
64	35	99	20	561	1041	10	0	105	31	112	245	725	10	
65	84	39	20	279	759	10	0	48	87	39	35	515	10	
66	19	120	16	865	1345	10	0	185	13	48	1502	1982	10	
67	20	39	10	417	897	10	0	41	109	78	771	1251	10	
68	90	104	20	389	869	10	0	81	110	99	1031	1511	10	
69	66	91	16	21	501	10	0	155	64	132	62	542	10	
70	78	63	19	10	490	10	0	3	84	36	227	707	10	
71	92	107	30	153	633	10	0	144	37	138	659	1139	10	
72	120	14	20	854	1334	10	0	19	15	9	1461	1941	10	
73	33	0	20	1750	2230	0	0	202	33	0	1750	2230	10	
74	41	36	13	44	524	10	0	187	61	59	362	842	10	
75	64	61	20	417	897	10	0	194	103	86	851	1331	10	
76	121	134	20	327	807	10	0	86	118	108	519	999	10	
77	67	55	10	15	495	10	0	163	62	58	14	494	10	
78	93	36	20	41	521	10	0	167	113	35	55	535	10	
79	115	124	11	1464	1944	10	0	154	86	80	1318	1798	10	
80	18	38	30	279	759	10	0	80	107	25	915	1395	10	
81	107	63	30	297	777	10	0	198	140	36	522	1002	10	
82	48	47	19	31	511	10	0	36	88	29	2001	2481	10	
83	0	27	30	185	665	10	0	172	21	44	55	535	10	
84	15	4	23	223	703	10	0	186	22	38	466	946	10	
85	59	56	20	252	732	10	0	107	100	99	1016	1496	10	
86	100	106	10	225	705	10	0	84	28	99	51	531	10	
87	47	83	1	1091	1571	10	0	175	34	72	2009	2489	10	
88	32	106	10	356	836	10	0	115	56	139	1059	1539	10	
89	109	131	20	72	552	10	0	101	137	127	602	1082	10	
90	89	24	15	1024	1504	10	0	73	30	21	1110	1590	10	
91	97	28	20	49	529	10	0	184	103	34	265	745	10	
92	86	37	10	178	658	10	0	190	108	30	203	683	10	
93	1	34	20	77	557	10	0	42	21	48	53	533	10	
94	98	31	20	202	682	10	0	119	110	66	240	720	10	
95	94	105	10	289	769	10	0	29	94	104	333	813	10	
96	118	131	20	478	958	10	0	117	125	108	407	887	10	
97	36	105	20	457	937	10	0	135	23	39	1227	1707	10	
98	107	77	34	37	517	10	0	133	112	71	42	522	10	
99	17	43	10	87	567	10	0	130	57	59	306	786	10	
100	26	105	40	56	536	10	0	1	10	86	1462	1942	10	
101	60	23	16	48	528	10	0	122	4	30	444	924	10	
